0 15 4 0 0 11 0 0 0 0 16 0 0 0 3 0
0 0 6 0 0 0 0 0 0 0 13 0 5 0 4 0
16 0 0 2 8 9 0 0 11 7 4 0 10 12 6 0
0 0 0 14 0 0 0 0 9 6 10 0 0 0 0 15
0 0 11 5 10 0 3 0 0 0 0 7 0 0 0 0
7 0 0 0 0 4 0 0 6 14 0 0 13 0 11 0
0 10 9 0 0 0 0 0 0 0 8 0 0 6 7 0
0 0 0 3 0 7 0 0 10 4 0 11 0 0 0 0
2 0 0 0 0 0 0 0 12 0 14 0 11 0 5 6
8 0 0 0 0 0 0 0 0 0 11 0 0 0 10 0
0 0 0 0 0 13 11 0 3 0 0 0 15 0 12 8
10 11 0 0 0 0 5 12 0 0 7 0 16 0 0 0
0 0 0 7 13 0 0 10 0 0 0 16 0 0 0 0
15 16 13 0 11 0 9 3 0 0 0 1 7 8 2 0
3 4 0 0 0 0 0 0 0 0 0 12 9 0 0 0
0 0 0 6 0 8 0 0 0 0 0 14 3 0 0 0
