0 0 0 14 6 0 0 0 0 3 4 1 8 0 0 0
0 0 0 3 0 0 0 15 0 0 12 0 0 0 0 0
8 15 0 0 0 0 0 0 9 0 14 6 0 0 0 0
6 0 0 0 8 0 14 0 15 16 0 0 0 3 0 0
0 0 0 11 0 0 6 0 16 0 0 0 3 0 0 0
0 0 0 0 0 0 16 0 0 5 0 10 0 0 0 2
0 0 0 0 0 0 0 0 0 9 0 0 0 0 10 5
0 0 0 12 10 0 0 3 13 4 0 0 0 0 0 0
16 0 0 0 0 0 0 0 0 0 0 13 0 2 0 4
0 0 15 0 0 0 9 0 6 0 0 4 16 0 0 14
0 8 4 0 14 0 0 6 0 0 3 16 9 0 0 11
3 0 0 0 0 0 12 0 7 11 1 0 0 10 6 0
0 0 0 1 0 0 11 4 0 14 0 9 15 16 0 3
0 0 0 0 7 0 3 1 10 0 0 15 0 14 2 0
0 0 0 0 13 0 10 0 4 0 16 3 0 11 7 0
0 3 0 0 0 6 0 14 0 1 0 0 0 13 0 0
