0 13 15 16 6 0 14 5 12 0 0 0 0 0 2 0
0 10 0 14 0 0 3 0 0 8 9 0 5 0 6 0
0 0 5 6 0 0 0 0 0 0 14 0 7 0 0 16
0 0 0 12 1 0 0 13 0 0 0 0 0 0 0 0
0 0 0 0 0 5 0 0 6 16 10 0 0 0 7 11
15 16 1 0 0 7 2 0 0 3 8 0 0 12 9 6
0 0 12 0 0 6 0 15 13 0 1 0 0 5 0 0
0 0 0 0 0 13 0 16 0 15 5 9 0 0 0 0
0 15 0 0 2 0 0 1 0 0 0 0 0 0 0 10
0 0 0 0 0 12 0 0 0 0 11 8 2 7 0 0
0 5 0 2 0 0 0 9 0 0 16 3 0 0 0 0
0 0 7 0 16 15 13 0 5 0 2 0 0 6 0 0
14 6 0 0 0 0 0 0 0 0 0 5 11 0 0 0
0 0 0 0 13 0 7 6 0 0 4 0 0 0 0 2
0 1 2 0 0 0 0 0 0 11 0 0 0 0 0 0
0 7 0 0 0 0 0 11 10 0 0 0 6 15 0 0
