0 8 0 0 0 0 15 0 0 0 0 0 0 11 1 2
0 0 0 0 0 0 0 0 0 7 0 0 0 0 0 13
6 0 0 0 7 8 0 0 0 1 2 0 0 14 9 0
10 11 0 0 1 2 0 0 0 0 5 0 6 7 0 12
13 3 0 0 0 0 2 0 0 0 16 0 11 0 0 1
0 0 0 8 0 3 12 9 6 0 0 0 7 0 13 0
12 0 0 14 0 1 13 10 3 0 0 0 0 0 0 16
0 0 9 0 0 0 5 0 0 0 0 1 0 0 3 0
0 13 0 6 0 0 0 1 0 0 11 0 0 2 16 0
15 0 0 0 0 6 0 3 0 0 13 4 0 0 7 9
9 0 0 2 0 0 7 0 0 0 3 0 0 0 6 0
11 0 0 0 13 0 14 2 0 0 0 0 0 0 4 0
0 4 0 0 2 0 1 0 0 0 15 0 13 0 0 0
0 9 0 0 0 11 6 0 0 14 0 10 2 0 0 0
0 0 2 15 4 12 10 0 0 0 0 0 0 0 0 0
0 0 0 0 0 13 0 0 0 0 0 3 0 0 0 7
