0 15 0 0 0 3 0 0 0 12 1 0 0 8 14 0
0 0 0 0 11 7 12 0 0 0 0 0 1 0 0 0
5 8 13 0 6 0 2 0 0 14 0 4 0 12 0 0
0 0 4 11 13 0 15 16 0 0 0 0 0 0 0 0
0 13 0 0 2 0 0 0 0 0 0 0 0 0 0 16
3 0 0 0 10 0 5 0 0 0 0 1 2 0 0 15
0 5 0 7 0 0 3 13 0 0 0 16 10 0 0 0
0 2 0 0 0 0 8 0 5 11 0 0 0 0 0 0
15 0 0 0 7 4 0 1 14 0 0 12 0 0 10 0
0 7 0 0 0 0 6 0 13 0 0 15 12 0 9 0
0 10 0 12 0 0 0 0 0 3 0 0 0 14 13 1
0 4 0 0 0 0 0 2 8 0 0 0 0 0 0 11
0 0 0 0 0 0 11 0 2 10 12 7 0 0 0 0
0 0 15 0 0 0 0 12 11 13 0 0 14 10 0 0
0 1 0 0 4 0 7 0 3 0 0 0 0 11 12 6
0 11 0 6 0 0 0 0 0 16 4 0 0 0 3 0
