13 0 0 0 1 0 0 0 0 10 0 0 0 0 0 0
2 0 0 0 0 12 0 0 0 6 0 0 0 0 0 10
0 0 0 11 0 9 0 4 0 0 13 12 0 1 0 14
0 0 0 0 14 6 0 16 0 7 0 0 3 4 11 0
9 12 0 0 0 0 0 0 0 0 0 7 0 5 0 0
0 0 0 1 0 0 0 0 11 13 16 0 0 0 0 3
0 5 11 2 9 13 0 0 4 0 3 0 0 0 0 16
0 0 0 6 7 0 4 0 0 0 0 0 0 15 13 11
0 1 0 5 0 0 13 0 0 8 0 3 7 0 0 0
3 6 0 9 0 0 0 1 13 0 0 0 16 0 0 5
14 0 0 0 0 0 9 0 0 0 0 0 0 0 0 0
0 0 0 13 5 0 6 0 0 2 7 0 0 0 0 0
16 3 0 8 0 0 11 0 0 0 0 15 0 10 1 7
0 0 0 7 10 0 1 9 16 0 0 0 0 2 0 0
0 13 6 14 12 0 0 0 8 0 10 0 11 0 0 0
0 0 9 0 0 0 0 0 7 0 0 6 0 0 0 0
