12 13 0 0 0 0 6 7 0 0 0 11 9 10 1 0
4 0 0 0 0 13 15 0 0 0 10 0 11 0 5 0
9 0 0 16 0 0 11 14 1 4 0 6 13 12 0 0
0 0 6 0 0 0 10 8 12 13 0 7 15 0 3 0
0 0 16 10 0 0 14 2 0 0 0 4 6 5 15 0
0 0 0 0 0 0 0 0 0 0 0 12 0 9 0 11
0 0 0 0 0 6 0 12 0 0 0 0 8 1 0 0
0 15 0 0 0 10 0 11 0 0 0 0 4 0 0 0
0 0 12 0 13 0 0 0 0 0 1 0 5 0 0 0
0 7 0 0 0 0 5 0 0 0 0 0 0 3 0 0
0 0 0 0 11 0 0 15 0 0 0 0 1 8 0 0
14 0 0 0 0 12 7 0 8 0 0 0 0 0 13 10
0 0 0 1 0 16 0 0 0 10 0 0 0 15 9 0
3 0 0 0 0 0 12 0 0 0 0 0 0 2 0 0
0 2 0 0 10 11 0 0 6 9 0 0 0 13 8 0
0 4 10 0 0 0 0 0 3 15 0 0 0 6 11 0
