2 0 0 0 0 14 15 0 9 16 8 0 0 0 0 0
0 12 3 13 0 0 6 16 0 0 0 0 0 8 0 15
0 0 0 0 0 11 12 9 3 4 0 0 0 0 0 13
0 0 9 10 0 1 0 0 0 0 0 13 4 0 0 0
0 0 0 0 14 0 0 0 0 0 3 0 0 0 0 0
0 10 0 0 15 0 0 6 0 0 0 0 0 14 3 0
0 0 11 14 0 0 8 0 15 0 0 0 0 9 0 10
0 1 0 15 9 0 0 0 13 10 0 0 8 5 4 11
16 0 0 0 0 0 0 0 0 7 9 0 3 12 0 5
0 0 0 0 10 7 0 0 0 13 0 0 0 16 0 0
0 0 0 0 0 0 13 0 1 0 16 0 10 0 0 0
0 8 0 0 0 15 0 0 0 0 11 0 0 1 0 0
10 16 8 9 0 4 0 5 0 0 0 2 0 0 0 14
0 7 0 0 0 8 0 14 4 0 0 0 0 0 16 0
4 0 0 1 0 0 0 0 0 0 0 9 0 0 12 0
0 11 0 0 2 0 0 13 0 0 14 15 0 0 7 1
