0 0 0 0 5 0 0 0 0 0 0 0 3 0 0 0
2 0 6 0 11 0 0 0 0 10 0 0 0 7 0 0
0 0 0 15 0 0 2 0 0 0 14 0 5 6 0 0
0 0 8 0 6 0 0 0 0 15 11 16 2 0 0 0
0 0 0 5 0 15 0 9 0 7 0 13 0 0 3 4
15 16 0 0 0 0 12 0 10 0 8 14 1 0 0 0
0 0 0 13 2 14 3 5 0 0 0 6 0 0 0 0
4 6 0 12 10 0 1 16 0 3 0 0 0 14 11 0
6 0 15 0 0 0 0 3 7 0 0 5 0 0 8 0
10 5 0 4 0 0 0 0 0 0 0 0 0 3 0 0
8 0 0 0 0 5 0 0 0 0 0 0 0 16 0 0
16 11 0 2 0 7 0 0 6 12 3 10 0 0 0 0
0 7 0 0 0 0 5 0 13 0 0 0 16 0 0 3
0 0 0 11 0 0 0 1 0 0 0 7 0 0 0 10
0 0 0 6 3 0 0 0 0 5 2 0 15 0 0 13
13 15 16 0 0 0 0 0 0 0 0 0 0 0 5 8
