0 0 0 7 12 0 0 9 0 0 0 5 0 0 0 0
0 0 0 0 0 0 16 10 14 0 0 0 0 5 1 0
0 0 0 11 0 0 0 0 0 0 0 1 0 0 0 0
14 15 16 4 0 5 0 0 0 8 0 0 0 0 9 0
13 0 0 10 15 0 0 0 0 0 9 0 0 11 3 6
0 0 0 0 0 16 0 0 0 0 0 4 10 0 0 0
0 3 0 0 0 0 0 0 7 0 0 0 15 0 4 0
0 5 0 0 0 0 0 0 0 0 0 3 9 0 0 0
2 0 0 5 0 10 8 0 0 0 0 0 0 12 15 0
7 0 0 12 0 0 1 0 6 0 5 8 11 0 14 0
0 0 14 0 0 7 0 16 0 11 2 12 0 9 0 10
0 0 13 8 0 0 0 0 10 0 15 0 0 0 0 0
0 4 7 0 0 0 0 0 0 0 0 9 12 3 11 0
0 9 0 6 4 14 0 0 12 0 8 0 13 0 16 0
0 0 0 14 0 12 0 8 2 0 0 11 0 0 6 0
8 0 0 2 0 0 0 13 0 0 6 10 0 0 7 9
