12 13 15 16 0 10 11 0 4 0 14 0 1 0 0 0
10 2 0 14 0 0 12 13 0 0 7 0 0 0 0 0
0 1 0 0 2 0 0 0 12 0 0 0 0 0 0 0
0 0 0 0 14 0 7 16 0 2 3 0 0 10 0 0
0 0 0 0 15 7 0 0 6 1 0 0 0 14 0 11
0 0 7 0 0 0 0 0 0 0 12 0 2 8 0 0
0 0 0 0 0 0 0 0 0 5 13 0 12 0 7 0
9 14 2 0 0 0 0 0 0 0 0 15 0 0 0 0
0 9 14 0 0 0 3 5 0 0 0 6 0 0 16 0
16 0 13 0 11 0 10 0 0 0 0 0 0 0 12 14
0 0 12 15 0 16 6 14 0 0 0 0 0 9 0 0
11 0 0 2 9 13 0 7 14 0 5 0 3 0 0 0
0 4 0 10 0 0 0 0 3 0 0 0 9 0 6 0
0 0 0 1 0 0 9 0 5 0 0 0 0 0 0 3
14 0 0 0 0 0 0 10 0 0 0 0 4 0 15 1
0 0 0 0 0 11 0 0 0 14 16 9 0 7 8 0
