3 0 0 8 14 6 15 0 0 9 0 5 0 0 12 0
0 0 0 0 2 0 0 4 7 0 0 0 15 0 0 0
0 0 5 0 8 0 0 0 13 0 0 16 0 2 0 0
0 0 0 0 0 10 0 13 0 0 12 0 1 5 6 0
0 0 16 0 12 7 13 3 0 15 0 9 0 0 2 0
0 14 0 0 0 0 0 11 3 0 1 0 13 7 0 0
2 11 0 10 1 0 0 0 0 0 13 7 0 9 0 0
9 0 13 7 0 0 16 0 0 14 0 6 12 0 1 3
7 12 0 0 11 0 0 0 0 0 16 10 3 6 13 0
0 0 0 0 16 0 7 12 15 1 0 0 0 0 0 0
0 15 0 0 0 13 0 6 0 0 0 0 0 8 0 0
0 0 0 2 0 1 0 0 0 0 7 8 0 0 15 0
0 0 0 0 0 0 0 0 0 0 0 0 5 0 0 0
0 0 0 0 0 16 0 0 0 6 10 0 0 0 0 0
13 0 0 0 0 11 0 0 0 0 5 0 0 4 10 0
0 0 0 0 5 0 9 0 0 0 0 0 6 13 0 0
