0 0 0 12 0 0 0 2 5 0 0 0 0 0 0 9
0 15 0 0 7 0 0 0 10 0 0 9 0 0 0 1
0 4 0 0 0 0 9 0 16 0 3 0 15 10 0 0
8 0 9 6 5 0 0 0 14 0 12 2 0 3 0 0
0 2 10 0 0 1 0 4 15 0 0 0 0 0 0 12
12 0 7 14 0 0 0 0 0 0 0 1 0 0 15 6
15 0 4 0 0 0 7 0 8 0 9 6 0 13 0 0
0 0 13 0 0 0 0 0 0 0 0 0 9 0 0 14
0 14 0 0 0 8 0 0 6 7 0 13 0 0 0 0
0 0 0 13 0 0 14 0 0 0 0 4 6 0 0 0
0 0 8 0 0 0 0 0 0 9 0 16 1 14 7 0
5 0 6 0 0 0 0 0 0 10 0 0 0 0 0 0
14 0 0 15 0 2 0 0 0 0 0 0 7 0 0 0
0 0 0 8 0 0 0 12 0 0 1 0 0 0 0 11
0 7 0 0 0 9 0 1 3 4 6 12 14 0 16 0
0 0 0 4 16 14 0 0 7 8 2 0 10 0 1 0
