6 9 11 0 2 0 16 0 0 0 13 10 0 5 8 0
7 2 0 0 0 9 15 4 0 0 5 0 6 0 0 1
0 14 15 16 0 10 0 0 8 0 0 4 9 0 0 0
0 1 8 10 11 12 0 0 0 15 0 0 3 0 0 0
0 0 0 0 12 7 0 10 0 0 11 0 0 0 0 0
0 0 0 0 9 0 3 15 0 0 0 0 0 0 0 0
4 0 5 0 0 11 0 0 0 8 0 15 13 0 0 0
0 0 0 9 0 0 0 0 0 0 0 0 0 1 0 15
15 12 0 0 0 0 0 0 0 16 4 0 0 0 1 0
0 0 14 0 4 0 0 6 3 0 0 7 0 0 0 0
0 0 0 5 0 0 0 0 0 0 0 0 4 15 0 0
8 0 0 0 10 1 0 0 0 6 0 0 12 0 0 5
9 0 0 7 5 14 10 0 0 0 15 8 0 0 0 6
0 0 0 0 0 0 9 0 0 0 0 3 0 0 13 2
11 0 0 15 0 0 0 0 0 0 0 0 7 0 0 0
0 0 6 8 3 4 1 0 0 14 7 0 0 0 0 0
