0 5 6 0 0 0 0 0 0 0 0 0 0 0 0 0
13 14 0 0 0 0 7 12 0 1 0 6 0 0 4 8
3 0 0 11 0 0 14 0 0 7 0 0 0 0 0 0
1 0 8 9 0 3 0 0 14 11 15 0 0 0 12 0
0 11 0 0 12 14 0 0 0 0 0 0 4 0 0 0
0 12 0 0 15 10 13 0 4 0 0 7 0 0 9 0
10 0 0 0 0 0 0 0 0 14 0 0 0 6 15 3
0 2 0 0 0 5 0 0 0 6 0 0 0 0 0 10
0 0 0 0 3 0 0 0 15 8 0 2 0 0 0 0
0 0 12 0 13 0 11 0 0 0 14 4 0 0 0 15
5 0 11 0 9 0 0 6 0 0 0 0 8 0 14 0
8 15 10 13 0 0 0 0 0 0 0 0 0 0 0 6
11 0 0 0 0 6 0 7 0 0 0 3 10 13 5 0
0 6 0 7 0 4 0 10 0 13 0 0 0 15 0 0
0 13 0 10 11 15 0 0 0 0 1 0 3 14 0 12
0 0 2 0 0 8 0 0 10 0 6 0 0 0 0 0
