0 0 0 13 0 15 0 0 9 0 0 0 0 1 6 0
0 0 0 0 1 5 0 11 13 0 0 0 0 3 8 0
7 0 0 16 0 0 0 12 5 6 1 0 13 0 0 0
3 4 0 1 6 7 0 0 8 2 0 14 16 0 15 0
5 10 0 0 9 0 16 8 6 0 0 1 14 0 12 0
0 14 0 0 12 1 0 0 10 0 0 0 0 0 0 0
0 0 0 0 0 0 0 5 0 9 0 0 0 10 16 8
0 0 8 12 0 0 0 0 0 0 0 0 0 2 0 0
0 0 0 0 11 0 0 0 0 0 0 0 0 0 2 0
0 0 1 0 15 0 0 0 0 10 0 3 0 0 9 11
15 0 0 10 0 6 0 0 0 0 0 0 12 0 1 0
16 2 14 0 13 0 0 0 7 0 0 0 0 0 0 0
0 0 0 5 0 0 0 0 0 0 0 0 9 14 7 0
0 0 0 0 0 9 0 6 14 0 0 0 15 0 0 0
9 0 0 0 0 0 0 0 1 0 6 10 0 0 0 16
0 0 16 2 5 0 15 1 0 7 0 0 0 8 0 6
