12 0 0 0 0 11 0 0 0 0 0 0 0 0 0 0
10 3 0 11 0 0 0 13 0 15 0 1 7 9 0 0
0 0 0 0 0 0 0 4 0 0 0 8 1 0 13 10
7 0 0 0 14 0 0 0 0 2 0 0 0 0 0 4
0 0 0 0 0 0 13 0 8 0 0 0 0 5 0 0
6 0 0 0 1 3 14 0 0 0 2 16 10 13 15 0
0 0 5 0 9 10 0 8 0 0 0 0 0 0 7 0
0 7 0 0 0 15 0 6 1 0 4 0 0 0 0 0
0 10 0 0 2 0 0 9 0 0 15 11 0 0 0 16
0 11 1 3 0 13 0 7 9 0 0 2 14 0 4 0
0 0 0 4 0 0 0 0 0 1 0 0 11 8 0 0
0 0 2 0 16 0 4 11 3 0 0 0 0 0 9 7
0 12 0 7 0 2 9 1 0 0 0 0 0 0 0 5
1 0 0 0 8 4 0 12 11 0 0 0 0 0 0 0
0 0 11 10 0 0 7 0 0 0 0 0 0 0 1 3
0 0 0 2 0 0 11 15 0 0 0 14 0 0 10 0
