0 0 0 2 0 12 0 13 5 0 0 8 0 0 0 0
0 15 0 7 0 0 0 0 0 1 0 4 0 0 0 10
14 0 16 0 0 1 0 7 10 2 15 0 0 0 6 5
11 0 0 8 0 0 10 0 0 0 16 0 0 0 0 0
15 12 0 0 0 13 0 0 0 0 0 0 0 9 0 0
16 6 1 0 0 0 0 0 0 14 3 0 0 0 5 0
0 0 2 0 0 0 0 0 4 5 0 0 0 13 0 0
5 7 13 0 2 0 0 4 9 15 6 0 0 0 0 14
0 0 11 0 0 0 0 0 0 0 0 0 9 6 0 4
0 14 15 0 12 0 0 6 1 9 0 0 0 10 11 0
8 0 0 0 0 0 0 0 14 0 0 6 0 0 0 0
0 0 0 0 0 9 0 1 0 16 0 0 0 5 0 0
6 4 0 0 0 15 0 0 11 3 0 14 0 0 0 12
0 0 14 0 0 0 0 0 12 0 0 0 0 0 0 11
3 0 0 15 0 0 1 0 16 0 0 0 0 14 0 13
0 11 0 0 14 5 4 0 0 0 10 0 0 0 9 16
