9 0 1 0 13 0 0 15 0 0 14 0 7 0 0 5
6 3 0 0 0 0 0 7 0 0 0 0 0 15 0 8
0 5 2 0 0 0 0 0 0 0 12 3 13 0 0 0
0 11 0 16 0 0 3 0 5 0 7 0 0 0 6 0
10 0 3 0 0 0 9 0 0 0 0 13 0 11 5 0
4 6 11 0 0 0 0 0 3 0 0 2 0 0 0 16
0 0 0 0 0 0 0 0 15 0 0 0 10 14 4 0
15 16 0 0 0 0 0 10 0 0 5 14 0 13 0 0
0 9 0 10 0 0 0 11 0 0 0 4 0 2 0 0
3 7 0 8 16 0 14 4 11 0 0 0 0 0 0 0
0 0 0 0 0 1 15 6 0 0 0 0 0 0 0 4
14 0 0 4 0 0 5 0 0 0 0 0 0 8 13 0
0 0 0 0 0 15 7 9 0 5 0 8 16 10 11 0
0 0 0 6 4 0 12 0 14 0 0 16 2 0 0 0
0 12 0 0 0 0 0 0 2 3 0 0 4 5 0 0
0 0 0 0 0 0 0 0 0 0 0 0 8 6 9 0
