2 0 0 0 0 0 0 0 0 0 0 0 0 0 0 6
0 14 0 16 0 0 11 15 0 0 2 0 13 7 0 0
0 9 0 15 0 0 0 13 11 0 4 0 14 1 0 0
0 0 12 0 6 0 2 0 0 0 15 16 10 0 0 4
0 15 0 0 0 0 6 14 1 0 8 3 4 0 0 16
11 0 0 0 0 0 0 8 0 0 10 0 6 0 3 0
0 16 0 6 10 0 0 11 14 0 12 7 8 0 0 0
0 13 0 8 0 0 4 0 0 6 0 0 0 0 0 0
0 0 0 0 11 16 9 0 7 8 0 1 0 6 0 0
0 0 13 0 8 6 15 0 0 0 0 4 5 0 0 0
0 0 15 0 0 0 0 0 0 0 0 2 0 8 0 3
0 6 0 3 13 4 0 2 0 0 0 0 0 14 0 7
15 0 0 0 0 0 5 0 0 0 0 0 3 9 14 13
1 0 0 7 0 0 10 0 0 0 0 0 0 0 8 5
0 0 9 0 0 0 0 0 8 0 0 0 0 0 0 0
0 0 0 14 0 0 3 0 0 16 0 0 0 0 0 0
