3 6 7 0 9 0 0 0 8 0 0 2 0 0 0 0
0 12 15 0 0 0 4 0 13 14 0 3 0 0 9 0
2 0 10 0 0 0 0 0 0 0 0 0 3 0 0 0
4 0 0 8 0 0 0 0 9 0 0 0 1 0 0 0
0 2 0 0 13 0 0 0 3 4 0 0 10 0 0 0
13 0 3 0 0 0 0 0 0 6 0 0 0 0 0 0
14 15 0 5 16 6 0 0 0 0 9 10 7 0 3 0
10 0 0 0 0 3 0 0 1 0 14 11 0 0 0 0
0 0 0 2 11 0 0 12 0 0 1 0 0 0 8 0
9 0 0 3 15 0 0 13 0 0 0 4 0 0 6 7
0 0 11 0 0 7 5 16 0 0 13 0 0 3 0 0
0 14 13 0 0 1 0 9 0 7 10 6 0 0 0 0
1 0 0 0 0 0 11 15 0 0 3 0 0 4 0 13
0 0 0 0 0 0 0 0 0 0 0 0 0 5 14 0
11 16 0 14 0 13 0 3 0 0 0 9 0 6 0 0
0 0 9 0 14 0 0 0 5 0 0 13 2 0 0 3
