0 0 0 0 0 0 0 0 14 0 0 0 1 2 8 0
2 0 0 0 3 0 0 14 15 0 0 0 0 0 0 0
5 0 0 4 6 0 0 13 0 0 0 2 7 0 0 9
6 0 3 14 0 0 0 0 4 0 1 9 15 0 0 11
0 2 0 0 0 0 0 10 0 0 0 0 0 9 0 0
0 3 0 16 9 13 0 0 10 12 0 0 2 7 0 0
0 0 12 13 0 7 0 6 0 9 15 0 8 0 0 0
1 0 9 0 0 0 0 0 0 16 8 0 14 0 0 0
0 7 6 0 0 14 0 0 0 4 0 0 13 8 0 0
0 0 0 0 0 0 0 9 0 0 12 0 0 0 0 0
0 0 0 0 7 8 0 15 16 13 0 0 10 14 0 0
0 0 0 0 0 0 0 0 0 0 0 0 0 0 15 0
10 0 7 3 0 15 6 0 11 14 0 12 0 0 0 0
12 0 0 6 0 11 0 0 0 15 4 0 0 3 0 0
15 4 0 0 0 0 9 0 0 3 0 0 0 0 0 14
0 0 5 0 0 3 7 12 6 0 0 0 16 0 0 15
