0 0 0 12 0 0 0 2 14 0 0 9 0 0 0 3
5 0 14 15 0 0 10 3 0 7 16 0 0 0 0 0
9 10 13 0 0 0 0 0 3 0 0 0 15 8 0 1
0 0 7 11 6 0 13 0 0 0 4 15 0 0 9 0
8 4 0 5 7 0 0 0 0 13 0 14 2 9 0 12
0 0 1 0 0 5 0 0 0 0 0 0 0 0 3 0
15 0 0 0 0 0 14 0 0 0 0 0 0 0 0 0
0 0 10 9 2 0 8 0 7 0 3 0 14 15 6 0
11 0 0 0 14 0 0 0 0 0 0 0 0 3 0 0
0 15 0 0 3 2 9 0 0 0 12 0 5 0 11 6
0 0 0 0 0 0 0 0 10 0 15 2 7 12 13 0
0 14 0 0 0 0 0 0 11 5 0 0 0 0 0 0
0 3 2 1 0 0 0 13 5 0 11 8 0 0 0 0
0 0 0 0 1 14 0 4 13 16 0 0 0 0 8 11
0 0 9 0 0 0 0 0 0 0 0 0 0 0 16 0
0 0 0 8 0 0 0 6 0 0 14 0 0 0 0 0
