2 0 0 0 11 14 0 0 0 0 12 6 0 0 7 0
0 0 0 0 0 0 0 0 0 0 14 3 15 0 0 0
5 0 0 0 0 12 0 8 7 0 0 4 2 3 0 14
4 0 14 7 0 0 0 10 0 0 11 0 5 0 0 0
0 5 0 0 8 0 0 3 0 9 0 0 10 0 16 0
0 8 0 0 0 9 0 0 1 0 0 0 0 0 0 12
0 11 0 0 0 15 0 0 0 10 0 5 0 0 1 8
10 0 0 0 0 0 5 0 8 0 0 0 0 0 4 11
6 0 13 2 0 0 0 0 14 0 0 0 0 10 0 0
0 4 0 0 0 0 0 0 11 8 0 0 0 0 0 16
8 0 0 0 0 10 1 0 0 13 0 0 0 0 0 0
9 15 16 0 0 0 0 14 0 0 0 0 8 0 0 0
0 0 0 0 0 0 0 5 0 0 4 0 0 9 0 0
12 0 6 0 0 16 0 1 5 0 0 0 7 0 0 4
0 14 5 10 0 6 11 0 12 0 0 1 16 0 0 0
0 0 9 4 13 0 14 2 0 0 8 11 12 0 0 0
