0 0 0 11 7 0 14 0 0 0 16 0 0 0 12 4
0 13 7 0 10 0 0 15 0 1 0 0 0 0 16 0
0 0 0 0 4 2 0 16 0 0 0 0 0 0 0 10
14 0 0 0 0 0 0 12 6 0 0 10 5 0 0 13
0 1 10 0 14 0 0 0 0 0 0 16 11 12 0 15
0 14 0 0 15 11 0 0 1 5 0 0 4 0 13 2
9 15 0 0 13 0 0 0 10 0 4 2 0 0 0 0
0 4 8 0 5 0 0 10 0 0 15 0 7 1 0 3
13 3 0 0 0 0 0 0 0 0 11 0 0 5 0 1
0 0 4 0 0 0 0 1 0 0 0 0 0 0 0 0
0 0 2 0 0 0 10 0 0 14 0 0 0 0 0 0
0 11 1 6 0 0 0 0 0 2 0 15 0 0 0 0
0 0 0 0 0 7 0 0 0 0 0 12 0 0 8 14
0 7 14 0 6 0 4 0 0 10 9 0 3 0 0 12
0 6 12 0 0 0 0 3 0 0 0 0 0 0 0 0
0 0 0 0 0 10 13 14 15 11 5 0 6 0 0 0
