0 0 15 0 0 7 0 12 0 0 0 0 0 1 2 0
2 0 1 0 0 9 0 0 12 0 16 0 0 0 0 0
0 0 10 4 0 0 2 0 11 0 0 0 0 0 0 0
0 9 0 12 6 0 0 0 1 0 0 0 0 0 0 14
0 10 4 0 7 0 0 0 0 3 0 0 5 12 0 0
0 16 0 13 0 0 0 2 0 0 0 12 0 0 0 11
7 8 0 0 0 0 9 0 13 5 0 0 15 14 0 6
14 0 0 0 0 0 0 0 0 10 0 16 2 8 0 9
0 0 0 0 0 0 0 0 2 0 13 3 11 0 0 0
3 0 16 0 0 15 0 0 7 0 11 0 1 13 6 0
0 0 0 0 0 0 5 1 0 14 15 0 0 0 0 0
11 5 0 9 0 0 0 0 0 16 10 0 14 0 0 0
0 0 0 1 0 14 16 0 0 0 0 0 0 5 7 0
0 13 0 0 4 0 0 0 0 0 0 2 9 0 11 0
0 0 0 0 1 0 12 15 0 7 0 0 16 0 3 8
0 0 0 0 0 0 0 0 16 11 0 0 0 10 14 1
