0 0 6 0 0 0 0 0 0 12 0 0 15 16 0 0
3 14 0 0 0 0 5 0 13 7 0 15 8 2 9 0
0 0 0 0 0 16 7 15 3 5 0 2 0 6 0 10
9 0 0 7 2 3 0 0 0 0 6 0 0 5 0 12
14 0 0 0 0 0 0 0 11 0 12 0 0 15 0 16
6 0 0 2 11 12 0 0 0 0 0 0 0 0 0 0
0 0 12 0 0 0 0 0 5 0 7 0 0 0 2 0
0 0 9 0 14 6 15 16 2 0 0 0 0 12 0 0
0 0 0 9 12 4 0 0 15 0 0 0 0 0 0 0
0 0 2 0 0 8 10 0 0 0 5 12 14 0 4 6
0 0 0 12 5 0 0 0 0 0 0 0 0 0 3 0
0 0 14 0 0 2 0 0 0 0 0 7 12 9 0 0
1 12 0 0 0 0 0 0 6 0 4 0 0 0 0 0
0 3 5 6 10 11 1 4 0 15 0 14 0 0 0 0
7 0 11 0 0 0 0 0 0 0 2 0 0 0 6 0
0 0 0 8 0 14 12 0 0 0 0 0 0 0 0 0
