0 0 11 1 0 0 0 0 8 12 0 9 3 0 0 0
0 15 4 0 0 0 0 0 10 0 0 16 6 0 0 0
0 8 0 0 0 0 13 0 3 0 0 0 0 0 0 0
3 0 13 0 0 0 0 0 0 2 0 7 0 0 0 15
0 0 2 0 0 15 0 9 16 0 14 0 0 0 0 0
7 0 0 10 3 0 4 1 6 0 0 8 13 0 14 0
1 0 14 0 0 0 0 2 0 0 0 0 0 0 0 10
0 0 0 0 5 0 0 0 7 9 12 11 0 0 0 0
0 0 10 0 0 0 0 0 0 0 1 5 0 0 11 0
5 0 0 0 16 0 7 12 0 0 10 3 0 4 6 0
11 12 3 0 0 9 0 4 0 0 0 2 8 0 10 1
14 2 0 0 0 1 10 0 0 0 0 0 5 13 0 3
0 0 0 0 15 14 9 0 0 0 0 12 0 0 0 0
0 10 5 0 0 16 0 3 0 0 0 0 0 1 0 0
0 0 6 0 0 0 0 0 0 0 5 0 0 0 16 2
0 13 0 0 0 10 0 0 0 0 15 6 0 0 4 0
