2 4 0 0 8 14 15 0 0 0 0 0 0 0 0 0
0 0 9 0 0 0 0 4 0 15 16 12 0 6 7 0
1 0 12 13 0 0 0 0 4 0 0 0 0 0 3 0
0 15 0 16 0 11 0 0 0 0 0 9 0 0 4 0
0 0 0 9 15 0 0 0 0 0 0 0 12 0 0 3
0 0 0 5 0 0 0 0 0 0 0 0 0 0 15 0
15 0 0 12 0 10 0 0 3 0 4 0 6 7 0 0
6 0 0 3 5 12 0 14 0 1 7 0 0 0 10 0
12 0 0 0 0 6 0 0 0 0 1 4 5 0 0 0
0 6 13 2 14 0 0 0 5 0 0 0 0 0 16 0
16 0 0 4 0 0 0 11 14 0 0 0 0 0 0 0
0 0 0 0 4 0 0 0 0 0 9 13 0 0 11 0
0 7 0 0 0 9 6 0 0 0 13 0 0 5 0 0
0 0 15 0 0 4 0 5 0 0 6 0 0 3 0 0
0 9 0 0 0 8 0 0 10 0 2 1 13 4 0 15
10 0 5 0 0 0 0 15 0 4 3 7 0 12 14 0
