0 12 0 0 0 0 0 0 10 1 0 2 0 0 0 0
4 0 7 0 8 0 0 0 9 0 0 0 3 0 16 0
0 0 13 16 9 0 10 0 7 0 8 0 11 1 0 0
5 8 0 0 0 0 0 0 0 12 0 0 6 2 7 0
0 0 0 3 0 0 1 0 6 0 0 0 0 5 0 0
14 0 0 1 0 0 0 0 0 11 7 0 12 8 0 16
7 11 5 0 0 0 0 0 0 16 4 8 0 0 1 15
12 4 8 6 5 0 0 0 14 0 0 0 0 0 0 9
8 0 0 0 0 4 0 0 11 6 0 0 13 0 0 0
0 5 0 0 0 1 0 0 0 9 16 3 0 14 8 0
0 0 0 0 0 0 0 11 13 7 15 0 5 0 0 3
0 0 0 0 0 0 0 0 0 0 0 0 0 11 12 0
0 0 0 0 4 2 0 0 0 0 0 0 0 0 0 0
0 0 0 7 0 0 14 0 0 0 5 0 16 0 0 2
0 0 0 0 11 0 0 0 16 0 0 13 0 0 4 0
0 0 0 8 0 0 0 0 12 14 6 11 0 0 3 13
