0 0 14 0 0 0 0 8 0 0 0 0 0 0 0 0
0 6 0 0 0 13 7 14 15 0 12 0 2 11 10 5
0 0 0 0 0 0 15 0 0 11 5 4 0 0 14 0
0 12 0 0 2 0 0 10 0 9 0 0 0 0 0 0
0 5 8 10 0 9 3 2 4 0 0 0 0 0 0 15
9 0 0 0 0 0 8 0 0 0 0 14 3 4 0 0
0 14 3 0 16 0 0 7 0 12 0 0 1 0 0 0
2 0 0 7 12 5 0 0 0 0 10 0 16 0 0 0
3 0 0 2 5 0 11 0 14 0 0 0 0 1 0 0
0 0 0 0 7 1 9 0 3 0 0 13 0 0 0 16
0 1 15 5 8 0 16 0 0 4 6 0 12 0 0 14
0 0 0 0 0 0 0 0 0 0 0 5 0 0 0 2
0 0 10 0 0 0 0 5 0 0 4 8 0 2 9 0
0 8 0 0 4 0 2 0 0 0 1 0 0 0 6 0
14 0 0 9 0 0 6 0 5 0 0 0 7 0 0 0
6 0 0 0 0 0 0 0 0 0 0 9 15 0 0 0
