0 0 0 0 0 1 5 11 0 0 0 0 0 0 0 0
0 12 14 0 9 0 0 0 3 0 2 0 15 0 1 0
0 1 0 9 0 0 0 0 8 0 0 15 0 11 0 14
0 0 0 0 0 0 14 0 0 11 0 0 0 0 2 8
14 2 15 0 0 0 0 3 4 0 0 0 0 9 0 13
3 0 0 0 8 6 12 0 0 9 0 0 0 0 0 0
0 0 0 0 0 0 9 0 14 0 0 12 0 3 0 0
0 0 0 12 0 0 0 0 1 3 8 0 2 0 5 0
0 11 0 10 0 4 15 6 0 12 0 0 0 0 0 2
12 0 0 0 5 0 0 0 0 8 0 0 0 13 0 0
0 0 0 4 10 11 0 14 6 0 0 0 12 0 3 0
0 14 0 15 0 0 0 0 0 0 0 0 0 0 0 7
0 0 2 8 0 12 1 0 0 0 0 0 0 0 15 0
1 0 0 0 15 0 16 9 0 6 0 0 10 0 0 0
0 10 0 11 0 0 0 0 12 1 9 0 0 0 0 16
0 0 0 3 13 14 4 0 0 0 15 8 0 0 9 12
