0 0 0 0 0 0 0 2 8 0 0 0 0 0 0 0
0 4 0 2 0 8 0 11 15 0 0 0 0 0 0 0
0 15 5 0 12 0 0 13 2 0 0 10 0 0 0 1
0 0 9 0 14 0 15 0 0 6 7 13 0 0 2 0
4 6 16 0 1 0 2 0 9 0 0 0 0 15 10 5
9 0 0 5 0 0 11 0 0 0 0 0 3 13 0 0
0 0 0 0 7 0 0 5 0 0 0 0 0 0 0 0
0 2 0 0 0 0 0 0 14 5 6 0 0 11 4 8
0 12 14 0 2 0 0 0 13 0 11 0 0 0 0 10
0 0 0 16 0 0 0 0 6 0 8 0 14 0 0 0
0 3 0 0 11 0 8 12 0 9 14 15 0 0 13 16
0 0 0 0 0 0 0 0 0 0 0 0 0 9 11 12
0 0 3 0 0 0 0 10 5 0 0 0 12 0 0 2
0 7 0 0 0 0 0 4 16 0 0 6 0 0 1 9
0 8 0 0 0 0 5 7 0 1 2 0 0 0 6 0
0 0 4 1 0 2 16 0 0 0 9 0 0 0 0 0
