0 12 13 0 0 0 3 0 15 0 7 0 0 0 5 0
0 0 0 0 6 0 0 7 0 0 0 9 0 0 0 13
2 0 0 0 5 11 0 0 4 0 0 0 0 10 0 0
0 6 0 5 0 0 0 0 0 0 0 0 0 2 3 0
0 11 16 0 0 0 0 0 0 13 0 0 15 0 0 0
0 0 0 0 0 4 0 9 16 0 2 11 0 0 0 0
10 14 2 0 0 0 0 0 0 5 9 0 13 16 0 0
9 0 0 0 0 5 0 16 0 6 12 1 0 0 0 0
11 0 0 0 0 0 6 3 0 12 0 13 0 9 14 1
0 7 6 0 0 0 5 15 0 0 11 2 0 0 0 0
14 0 1 0 0 0 2 0 0 10 0 0 0 13 0 0
0 2 0 10 0 0 13 0 0 0 0 6 0 15 0 0
6 0 0 0 0 0 1 5 9 0 14 0 0 0 0 0
7 0 14 12 3 0 0 0 0 4 0 0 0 0 2 0
0 0 0 11 0 0 14 0 0 0 0 12 3 8 0 0
3 0 0 0 0 13 0 0 11 8 16 5 6 0 0 0
