0 14 0 0 0 0 0 1 0 0 12 4 13 0 6 2
0 0 0 9 2 0 0 15 16 5 10 0 0 0 0 3
11 12 0 0 8 0 0 16 0 0 0 0 0 0 0 0
0 0 5 8 0 0 0 10 13 0 0 0 0 12 16 0
9 0 0 0 0 0 0 0 0 0 0 1 0 0 0 0
5 13 0 1 0 0 0 0 0 0 15 0 0 2 14 0
0 0 2 6 0 0 0 0 8 0 0 12 10 16 5 0
0 0 0 0 0 15 9 0 0 0 0 13 1 0 0 0
0 0 3 0 14 0 0 0 0 15 0 2 12 0 0 10
0 0 0 0 6 7 0 0 11 13 0 8 0 0 0 14
0 0 0 0 10 0 0 0 9 0 5 0 0 0 0 0
0 9 0 0 0 0 15 13 0 0 4 0 5 0 0 8
0 7 0 10 0 0 0 0 0 4 0 0 0 0 0 0
14 0 0 4 0 0 10 0 15 0 7 5 0 0 0 12
0 0 9 0 15 0 0 0 0 0 0 0 0 7 4 0
2 0 0 0 4 8 7 14 0 6 13 0 3 1 10 0
