1 12 6 0 0 0 0 0 11 0 0 0 0 5 2 0
15 2 7 0 0 0 0 14 0 0 0 0 1 0 8 10
0 0 0 0 0 0 5 0 0 0 0 0 0 0 0 13
0 11 0 13 0 0 1 0 0 0 0 0 0 0 7 0
0 0 0 0 0 11 7 12 16 0 0 0 0 8 3 6
0 6 14 0 0 0 0 0 0 9 8 3 0 11 0 0
0 0 0 11 8 0 0 0 15 14 0 0 0 12 0 0
0 0 0 0 9 2 0 0 0 11 0 0 10 0 0 14
0 0 0 5 12 0 9 0 0 10 0 0 0 0 6 2
0 0 0 0 0 0 2 0 0 13 0 14 0 0 0 0
11 0 10 0 0 0 0 5 1 0 0 0 14 9 15 8
0 0 0 0 0 0 0 0 0 0 0 0 16 0 11 1
0 0 0 12 0 8 0 0 0 0 0 0 3 0 0 0
5 0 0 0 16 0 0 0 10 0 15 8 6 2 14 0
0 16 1 15 10 13 14 0 4 6 0 0 0 0 9 0
8 14 0 0 2 0 0 0 0 7 0 0 0 0 16 15
