0 0 0 0 15 0 0 0 0 0 9 0 7 0 16 0
11 16 14 7 0 0 0 3 0 4 10 0 0 0 0 13
10 1 12 0 0 14 0 0 0 6 8 16 3 0 4 11
9 0 0 0 0 8 0 0 11 0 0 12 0 0 0 0
0 0 0 0 0 0 0 0 8 0 0 0 0 0 0 0
7 0 0 0 0 0 0 0 0 5 6 1 0 0 0 2
4 0 0 0 12 0 0 5 9 0 14 0 6 11 0 1
0 14 2 0 0 1 0 0 15 0 11 7 0 0 10 0
0 6 0 11 0 0 4 0 0 0 2 0 10 0 0 14
16 0 0 2 11 10 0 0 0 9 0 0 4 0 1 12
3 0 10 0 0 0 0 15 0 0 0 0 0 16 0 9
0 0 0 0 0 0 0 0 0 0 15 0 0 0 0 0
0 0 0 0 0 15 0 0 0 0 0 9 0 0 0 0
0 15 0 16 0 7 0 0 6 0 5 0 0 0 0 0
2 3 5 0 0 0 0 0 0 0 0 13 12 15 0 16
0 7 0 14 2 0 11 0 10 0 0 0 13 0 3 0
