0 0 0 15 0 0 0 0 0 0 1 3 0 0 9 0
0 0 0 0 0 4 1 7 0 12 0 9 0 11 0 0
3 1 0 0 0 11 0 0 0 0 0 0 0 14 0 0
0 4 0 0 0 0 12 0 0 10 0 16 0 0 7 0
8 7 0 0 0 0 0 0 12 0 0 0 9 0 4 0
6 0 0 0 0 0 11 10 0 0 8 0 0 3 0 5
0 0 13 0 0 0 7 9 0 0 0 0 0 0 0 8
0 0 0 14 0 0 0 0 9 0 0 10 0 0 0 0
0 11 0 2 14 0 16 0 0 4 0 0 0 15 0 0
12 0 4 0 5 15 0 0 1 7 16 2 8 0 0 0
14 0 0 7 12 13 0 0 11 0 10 8 0 16 2 0
1 16 0 0 0 0 0 0 13 0 3 15 4 12 5 11
0 0 0 0 11 0 0 14 10 0 0 0 0 0 0 16
0 14 0 1 0 0 0 0 15 0 0 0 0 0 0 0
0 0 10 0 9 0 15 0 16 0 0 0 0 1 11 0
15 0 0 0 0 0 0 8 3 0 0 0 2 0 0 9
