0 0 0 0 0 4 2 7 0 3 0 0 0 0 14 0
0 0 0 0 0 6 0 0 0 7 0 13 0 15 2 0
0 0 0 0 3 0 5 0 0 2 0 0 1 11 10 0
0 0 2 0 14 0 0 8 1 0 0 0 9 0 0 0
0 0 15 0 0 0 6 9 7 1 0 0 0 0 11 0
4 0 3 0 11 0 0 0 0 0 0 2 8 0 16 0
0 0 0 0 0 0 0 0 0 0 0 16 0 3 4 0
0 0 11 0 12 0 0 0 0 4 0 10 0 0 6 15
0 0 0 2 0 3 0 0 11 0 1 5 15 0 0 0
10 15 6 0 0 8 11 14 0 0 0 0 0 0 13 0
5 0 0 0 2 0 0 0 3 15 0 0 10 0 0 0
0 0 0 0 0 9 0 16 0 6 12 7 11 0 0 0
0 0 4 0 0 7 0 0 5 0 9 0 0 0 0 10
15 0 12 0 0 10 0 0 13 11 0 0 5 14 1 0
0 0 0 0 13 11 9 0 14 0 7 0 0 0 0 0
0 0 0 0 0 0 0 0 4 10 0 0 6 13 0 0
