0 3 14 0 0 0 0 13 15 0 0 0 0 0 0 0
0 7 15 0 0 0 14 16 0 0 0 0 0 0 0 3
12 11 16 0 5 0 15 3 10 0 0 14 0 4 1 7
0 0 0 5 6 0 10 11 0 0 0 7 16 14 0 0
0 0 0 0 0 0 8 2 0 0 0 0 0 0 4 0
0 0 10 0 0 0 0 0 0 0 0 0 0 15 0 0
11 0 0 13 0 3 0 0 0 0 16 0 14 6 0 0
14 0 0 16 11 0 0 0 0 0 0 8 0 5 0 10
3 0 0 0 0 10 0 4 0 0 0 1 7 0 15 0
4 14 0 10 0 0 0 0 12 3 0 0 0 0 16 0
7 13 0 0 0 0 0 14 2 0 0 10 0 0 0 0
0 0 1 0 2 0 0 8 6 7 0 0 0 0 0 0
0 8 0 0 0 0 0 15 0 5 7 0 12 11 0 16
9 0 0 0 0 0 0 0 0 0 0 12 0 0 0 0
0 10 0 0 3 2 4 12 0 13 0 0 0 7 6 0
0 0 0 0 0 7 11 5 0 0 0 0 0 0 8 14
