0 0 0 7 0 0 0 0 2 0 10 0 0 5 11 0
0 0 11 15 8 0 12 0 3 1 0 5 0 0 7 16
0 0 0 16 0 0 0 0 0 0 0 0 6 0 10 0
1 8 0 13 4 0 6 0 12 7 0 0 0 0 0 15
0 13 12 0 0 9 0 0 0 0 0 0 0 0 0 0
0 0 15 0 6 0 0 0 0 10 0 9 0 0 0 0
0 0 8 10 0 0 0 15 0 0 0 0 0 0 9 0
3 14 0 0 0 0 11 0 7 0 0 0 0 6 13 0
0 15 0 0 0 0 0 8 4 9 0 0 0 16 0 6
8 0 1 11 0 15 0 0 13 0 0 6 0 0 0 0
6 2 0 0 0 0 3 7 0 0 0 0 0 0 0 0
0 0 4 0 11 2 0 0 0 0 0 0 13 3 5 0
15 0 0 0 2 11 13 1 10 0 4 0 0 14 0 0
10 3 0 4 0 16 9 0 15 0 0 0 0 0 0 0
0 1 0 0 0 0 0 0 0 12 0 0 0 0 4 0
0 0 5 12 15 0 8 0 0 0 6 0 0 7 3 0
