0 0 0 0 0 0 1 12 0 2 0 0 0 0 0 0
0 0 0 0 0 0 0 0 0 0 0 0 0 0 0 0
0 0 2 0 0 0 0 0 0 9 7 0 12 15 3 0
0 0 0 0 0 0 0 0 8 0 0 15 16 0 0 10
0 0 0 0 3 0 0 6 0 0 0 0 0 2 0 1
0 9 0 16 0 0 0 0 0 5 13 0 10 6 0 0
0 6 0 0 0 0 15 0 0 0 1 0 8 0 0 0
0 8 5 0 1 0 10 11 0 0 12 0 14 16 0 15
8 16 1 11 15 0 13 3 0 0 0 7 0 0 6 9
0 13 0 0 0 0 0 4 0 0 0 0 0 10 0 0
0 0 0 0 0 0 6 9 13 3 0 0 15 0 0 0
0 0 0 15 0 0 0 10 0 6 0 0 1 13 16 0
0 3 0 13 0 0 0 0 0 16 9 5 0 0 0 0
0 11 0 0 0 0 0 0 0 0 2 0 5 3 15 13
0 15 4 0 12 0 2 0 11 1 10 3 6 0 8 16
0 0 0 1 0 16 0 15 0 0 8 13 0 0 0 14
