12 0 3 0 0 4 10 11 1 0 0 0 0 0 16 0
0 0 0 0 0 0 14 0 0 6 11 10 0 0 12 0
0 0 0 0 0 0 0 0 0 0 0 0 7 0 0 13
9 0 0 0 0 0 0 3 12 0 14 8 0 0 15 0
0 0 0 0 10 0 0 0 5 0 13 16 0 6 0 0
0 13 0 0 0 6 0 0 15 0 0 0 0 16 0 4
0 8 0 4 12 0 0 1 0 0 10 0 15 0 3 0
10 0 12 0 0 15 0 0 0 0 3 0 0 0 5 11
6 1 5 0 0 0 0 8 0 0 16 0 11 12 14 0
0 0 0 0 0 0 5 6 0 0 0 12 0 0 0 0
0 10 0 0 1 0 3 0 0 9 5 4 6 2 0 16
0 0 9 0 0 0 11 0 6 15 0 0 3 0 8 0
0 9 4 14 3 0 0 0 0 0 0 0 0 7 0 0
15 0 0 0 0 7 0 0 0 1 0 0 5 0 10 0
0 12 13 0 8 0 9 0 0 0 0 5 16 0 2 0
0 0 0 10 0 0 0 0 0 7 0 0 0 0 0 0
