0 0 0 16 4 0 0 0 2 5 0 0 0 0 0 11
0 0 0 9 0 0 0 0 3 7 0 0 0 5 0 15
0 2 5 0 0 0 0 0 0 9 0 0 4 0 16 3
3 0 0 0 0 0 9 0 4 10 15 16 0 6 13 0
0 0 0 0 5 0 3 0 0 0 9 0 12 0 6 0
0 0 0 0 12 0 0 0 0 4 0 0 0 0 5 0
0 3 14 4 11 0 0 0 0 0 0 5 0 1 7 0
0 0 9 0 15 0 6 0 0 0 0 0 0 0 0 0
0 0 0 14 0 0 0 0 0 16 0 0 0 0 2 1
0 0 0 0 14 3 0 0 0 0 2 0 0 0 0 8
0 0 0 0 0 0 2 0 0 13 0 0 10 0 3 0
11 0 12 0 0 0 0 6 8 3 0 9 0 16 14 13
2 0 0 0 0 1 0 11 0 6 0 0 9 0 0 0
0 4 11 0 7 12 16 0 9 0 8 2 0 0 0 0
5 0 0 15 3 0 4 0 0 0 0 0 11 0 8 2
0 6 0 0 8 14 0 0 0 0 0 0 0 13 0 7
