13 0 15 16 0 1 3 0 0 0 0 0 0 0 11 12
2 0 1 0 5 9 6 0 0 0 10 0 0 0 0 15
0 0 11 0 13 0 0 8 0 3 15 1 0 0 0 0
5 0 0 0 15 0 7 0 12 0 0 0 1 0 0 0
0 11 0 0 0 0 0 0 15 0 7 3 0 16 13 0
0 0 0 4 0 0 9 0 0 16 0 0 0 0 1 0
0 0 7 0 4 0 16 0 0 9 0 13 0 0 0 0
14 0 3 0 0 0 0 0 0 1 0 11 0 0 0 6
16 8 6 14 0 0 0 0 0 7 0 0 13 0 0 0
9 3 0 0 0 0 0 10 16 12 0 0 6 0 7 8
0 0 0 0 0 12 8 7 3 0 0 0 0 15 0 14
12 7 0 0 0 6 0 0 0 14 0 0 0 0 9 0
4 1 0 0 3 7 15 0 0 0 0 0 0 0 0 10
0 0 0 0 12 16 0 2 0 0 0 8 11 0 0 0
0 0 0 7 6 0 0 0 4 0 0 0 0 0 0 13
0 12 2 0 0 0 0 13 0 0 0 0 0 0 0 0
