0 13 12 14 8 16 2 0 0 0 0 0 0 0 0 11
3 0 0 0 0 0 4 11 0 5 6 0 0 0 0 14
0 0 4 0 0 0 15 1 0 0 0 0 12 0 2 0
0 0 0 8 0 9 0 0 0 0 15 0 4 0 3 0
0 0 0 0 0 0 0 0 0 0 0 0 2 0 0 0
0 0 0 0 1 2 0 0 0 0 0 0 11 0 0 0
2 0 3 7 0 0 0 15 16 8 0 0 0 0 10 12
0 1 0 0 4 0 0 0 0 2 0 0 0 0 0 16
0 0 0 10 0 15 0 0 6 1 4 7 0 0 0 3
0 15 16 2 0 0 1 4 0 12 5 9 10 0 0 0
0 11 5 0 0 8 9 0 13 3 0 0 15 0 4 0
0 0 6 0 0 0 12 0 0 0 2 0 0 16 9 0
14 0 10 4 16 0 0 0 0 6 7 0 0 15 12 5
0 0 2 11 0 0 7 0 0 0 0 14 0 0 0 0
6 0 0 0 0 0 10 0 0 0 3 0 0 7 0 0
0 0 0 5 2 0 0 0 0 0 0 0 0 0 0 4
