0 0 0 0 0 0 0 2 11 0 13 0 0 0 0 0
10 0 0 0 15 4 0 0 5 1 7 0 0 0 0 3
0 0 0 0 16 5 8 1 0 0 0 0 0 0 0 13
0 4 5 0 0 7 14 3 0 0 0 0 0 0 16 1
0 10 9 15 0 2 4 11 0 8 0 0 0 0 7 14
0 0 0 0 12 0 0 0 0 0 0 0 0 0 0 15
0 0 0 4 6 1 9 0 0 13 5 7 0 0 0 0
0 0 0 0 0 0 0 0 6 0 9 0 4 10 0 0
15 0 0 0 1 0 0 0 16 0 0 0 0 0 0 0
11 0 0 0 0 0 0 0 0 0 0 4 0 0 0 7
8 7 4 0 0 9 16 15 0 10 1 14 0 0 0 0
0 14 0 2 0 0 0 0 0 7 12 6 9 0 0 10
0 15 0 0 0 0 0 0 0 0 6 0 5 7 0 0
0 1 0 0 0 0 0 0 0 15 0 8 0 0 0 9
0 8 10 9 0 0 15 0 0 0 0 5 0 1 2 16
0 0 0 0 0 0 0 0 7 0 10 9 0 4 3 6
