14 0 11 0 0 0 0 0 16 1 2 0 0 0 0 0
0 0 0 0 0 0 0 0 7 3 0 0 12 2 0 0
7 0 0 0 0 0 11 0 0 0 0 0 0 0 0 0
0 0 5 0 13 2 0 7 14 0 6 0 3 1 0 0
1 0 15 16 0 0 0 0 0 9 0 0 0 0 0 12
9 0 0 0 0 11 0 1 0 0 8 10 13 0 0 15
0 10 13 0 0 5 0 0 0 0 1 0 0 3 0 0
0 3 0 0 0 0 0 0 4 0 0 15 9 0 0 0
0 0 4 3 5 10 0 0 13 0 16 1 0 0 8 14
15 14 0 5 12 0 0 0 0 8 9 4 0 0 0 0
16 0 0 0 0 0 1 0 0 0 0 0 11 0 0 0
11 0 9 0 0 0 0 8 0 5 7 0 0 10 12 0
0 0 0 1 0 8 0 4 0 15 3 0 0 0 0 6
3 0 0 0 0 0 7 5 0 14 0 0 10 0 9 0
13 0 0 9 0 0 15 0 0 11 10 6 0 0 0 3
0 4 0 0 0 0 0 3 0 7 0 0 0 0 0 0
