12 0 0 15 6 1 0 0 0 0 0 7 9 0 11 0
0 0 0 0 0 0 0 0 0 0 0 15 0 0 0 0
0 0 0 11 14 15 0 16 1 2 0 0 0 8 0 0
0 0 0 0 0 0 0 4 11 0 0 0 14 0 0 15
0 7 15 1 0 0 0 12 0 0 0 0 13 16 0 0
0 0 0 0 0 0 0 15 0 7 0 0 0 1 3 0
11 6 0 9 0 7 0 0 0 0 15 0 0 4 2 12
13 0 16 0 0 4 0 8 12 0 0 0 7 0 0 0
0 0 2 3 7 0 0 0 0 0 0 14 16 0 15 0
7 0 8 5 0 16 3 0 9 0 0 0 0 13 1 0
0 0 0 4 0 2 0 11 0 0 1 8 6 0 14 3
0 0 0 0 4 8 0 0 0 15 0 0 0 0 10 0
10 0 1 6 0 0 0 0 0 0 0 0 0 0 0 2
4 0 0 0 16 14 0 0 0 10 3 0 0 0 13 0
15 11 0 0 0 0 0 7 0 0 0 0 8 0 0 10
0 2 13 0 0 0 0 0 0 0 8 0 0 6 0 0
