0 12 0 0 0 0 0 0 0 0 0 0 0 0 0 0
0 0 0 0 6 0 10 0 0 8 0 0 0 12 11 0
0 10 0 0 0 11 7 0 0 6 0 13 3 0 0 0
2 0 0 6 13 0 0 16 11 0 0 0 4 0 0 0
0 0 3 10 0 2 0 0 13 0 0 0 9 5 0 0
0 0 0 1 0 0 12 13 16 0 0 0 0 7 0 0
0 0 0 0 0 0 0 7 8 0 0 0 0 0 0 3
0 0 0 0 0 0 0 0 9 0 1 0 0 13 10 0
12 15 0 14 0 4 5 0 1 16 0 6 0 8 0 0
0 13 1 2 0 0 16 15 0 12 0 0 0 0 0 0
0 9 0 0 0 12 0 0 10 0 0 0 5 6 0 7
0 5 0 0 2 9 0 1 0 0 14 0 12 0 0 0
0 4 0 15 0 1 0 8 0 9 16 0 0 0 0 6
0 0 12 0 14 13 0 0 0 2 11 0 8 3 0 10
0 0 0 5 15 0 3 0 6 0 8 0 0 0 0 12
0 1 8 11 0 0 0 0 0 0 0 0 0 0 0 5
