0 0 0 14 0 0 0 0 0 11 0 0 0 15 7 1
12 0 7 0 14 13 0 8 0 6 0 0 0 0 0 0
0 0 0 2 15 0 5 0 13 0 0 8 12 10 0 0
0 0 0 0 0 4 0 0 0 0 12 0 0 0 0 14
7 0 0 13 0 0 0 0 0 0 0 0 0 5 15 0
0 0 0 0 0 12 7 13 11 2 9 5 1 0 0 0
0 0 0 0 1 0 0 0 0 0 15 0 14 0 0 0
2 0 0 1 0 6 0 15 0 0 16 7 0 11 0 0
0 0 0 0 8 0 6 9 0 0 2 0 0 0 11 0
0 0 1 8 0 0 0 0 0 0 0 0 9 0 0 0
0 0 0 7 13 0 12 4 8 0 0 0 0 0 14 0
0 0 0 0 7 1 0 0 0 0 14 0 0 8 0 2
16 0 0 0 0 0 15 0 2 0 0 11 0 14 1 10
15 11 10 0 0 0 4 0 6 0 0 14 0 0 0 0
0 0 2 0 11 8 0 0 0 0 10 0 6 0 5 0
5 0 14 12 0 0 10 0 0 9 0 15 0 0 0 16
