0 0 0 0 0 0 0 0 0 0 3 0 9 0 2 8
14 0 15 8 10 16 0 0 9 0 5 6 0 7 0 3
9 0 0 0 0 0 0 5 0 8 1 0 0 14 6 15
0 0 0 0 0 0 0 0 0 0 0 0 0 0 0 0
0 0 0 0 15 8 7 0 0 0 0 1 3 0 0 0
0 15 0 0 3 0 0 0 0 0 0 8 7 0 11 0
6 0 0 16 1 0 0 0 0 0 10 0 0 0 0 14
3 0 0 0 0 4 0 0 0 9 0 0 0 0 16 0
0 7 0 12 0 15 0 3 0 0 0 0 10 11 0 0
0 0 0 2 14 6 0 13 3 0 7 0 0 0 0 5
0 0 0 0 0 5 12 8 0 14 13 0 4 3 0 0
0 0 0 9 0 0 1 0 0 16 0 0 0 0 14 0
0 6 0 0 0 11 4 0 0 0 0 0 0 0 0 0
15 14 0 5 0 1 2 0 10 3 8 12 16 0 4 0
0 0 10 0 0 0 0 0 13 6 0 0 0 2 0 11
0 0 8 7 0 0 0 10 0 0 0 0 0 1 5 0
