0 0 0 13 7 8 16 5 10 0 14 0 0 1 3 9
3 0 4 8 0 9 0 15 0 2 0 6 0 0 12 16
9 0 5 11 4 1 2 3 0 0 16 0 0 13 14 0
0 0 0 0 0 0 0 12 0 4 9 0 0 0 0 0
0 5 0 0 15 0 0 8 12 0 0 0 0 4 0 0
0 3 16 0 0 0 0 0 0 0 0 0 5 0 0 0
0 0 0 0 0 2 5 0 8 9 0 0 7 0 13 11
0 0 0 0 0 14 13 0 0 5 0 0 0 0 16 0
0 0 0 0 0 0 0 0 9 0 7 0 0 0 4 0
0 0 0 6 0 4 15 0 0 0 0 2 0 0 8 0
0 0 0 0 0 0 0 16 13 10 4 3 0 0 0 0
16 0 0 0 0 0 0 0 0 12 6 8 15 0 0 0
0 0 0 0 16 5 0 0 6 14 0 7 0 0 11 0
0 0 0 0 0 0 0 13 0 3 0 0 0 16 0 0
15 1 0 0 0 0 0 0 0 0 0 0 0 0 0 0
0 0 10 5 11 15 0 0 4 1 8 0 13 0 0 0
