0 0 14 0 0 16 5 0 2 0 0 0 13 0 0 0
2 0 0 3 11 0 13 14 9 0 0 10 15 0 0 7
5 7 8 0 0 0 10 0 0 0 11 14 1 0 0 0
0 0 10 0 2 0 0 0 15 0 0 0 0 4 0 0
0 2 0 0 0 0 11 0 0 0 0 13 0 5 16 0
10 13 0 0 0 1 7 0 0 0 0 0 0 11 0 0
1 0 11 8 0 0 0 0 0 3 0 0 0 0 0 0
14 0 0 0 0 6 0 0 0 0 10 0 0 0 4 0
15 0 6 1 0 0 2 11 0 0 0 8 0 0 10 4
12 5 0 0 14 0 16 8 4 11 0 0 0 0 0 13
16 0 0 4 0 15 0 0 0 0 0 0 8 0 0 0
8 14 0 0 0 7 0 12 6 9 1 16 0 0 0 5
0 0 0 0 7 2 0 0 14 0 5 1 0 0 0 8
0 8 0 0 10 11 0 0 3 0 0 0 0 0 2 0
0 0 15 0 0 0 1 0 0 0 0 0 0 12 0 0
13 0 0 0 0 0 0 0 0 0 0 0 0 9 0 0
