0 0 0 13 0 15 7 0 0 0 0 1 0 0 0 10
0 10 0 0 0 1 0 0 0 0 2 0 0 0 7 0
5 0 15 16 0 9 0 13 14 10 0 0 0 3 0 0
0 0 1 0 0 0 0 11 16 0 0 0 8 0 0 14
0 0 0 0 0 0 0 0 0 8 0 0 11 0 16 4
0 0 16 8 0 7 6 0 3 0 0 5 0 1 0 0
11 15 5 1 0 0 0 0 0 7 0 0 0 6 0 12
0 9 0 0 11 0 13 0 6 16 0 0 0 14 0 8
14 0 0 11 15 0 3 7 0 0 0 0 0 8 0 0
0 0 2 0 0 0 0 0 0 0 7 8 0 0 0 5
0 16 0 0 0 12 0 0 0 0 0 14 0 0 0 15
0 0 0 0 1 5 0 14 0 0 0 16 0 0 0 0
0 0 3 0 0 0 0 0 8 6 0 0 0 0 0 0
16 1 0 10 0 0 0 0 0 0 0 3 12 0 8 0
6 11 0 0 0 0 1 2 7 0 0 0 5 0 0 0
0 0 8 2 0 10 0 0 0 14 16 0 0 15 6 1
