0 12 0 7 0 13 0 5 10 0 0 4 0 0 0 0
4 0 0 0 8 14 15 0 0 0 0 0 0 0 0 10
0 0 0 0 12 0 0 9 0 0 8 0 13 0 0 0
0 0 0 0 0 0 0 0 14 12 0 16 3 0 0 0
7 0 3 0 0 0 0 0 11 0 0 1 0 8 0 9
0 11 0 0 0 6 0 0 0 16 0 0 14 0 10 13
0 0 0 0 0 0 0 13 0 0 0 9 2 0 0 0
0 1 0 0 9 7 3 0 0 13 0 14 0 12 11 16
0 0 0 0 16 10 0 0 0 0 12 0 0 0 0 0
11 0 0 0 13 0 0 0 0 6 5 10 1 0 0 0
2 6 0 0 3 0 0 11 1 0 16 0 0 0 0 0
0 0 10 16 1 0 0 0 0 0 9 0 6 0 2 0
0 0 7 0 0 0 0 0 13 4 1 0 0 0 8 0
12 0 0 0 0 0 0 0 0 0 0 0 0 0 0 1
13 0 4 0 7 0 14 0 0 0 0 0 0 6 0 12
0 0 0 15 2 4 1 0 16 9 14 0 10 7 13 5
