0 7 6 0 5 0 13 14 0 0 0 0 0 0 2 12
0 15 0 0 0 0 0 1 0 0 0 0 0 6 5 7
0 10 0 0 11 0 0 0 1 0 0 7 0 0 0 16
0 1 5 0 0 0 4 0 0 0 0 0 0 0 10 0
0 0 11 0 14 15 0 0 0 0 2 12 0 8 7 0
0 13 3 0 0 0 0 0 0 1 10 0 15 4 0 0
8 0 0 0 0 4 0 0 15 16 0 0 0 10 0 0
10 2 0 0 0 0 5 12 0 0 0 0 6 1 13 14
0 0 0 10 0 6 14 0 0 0 4 0 11 12 16 0
16 0 7 0 0 0 0 0 10 0 0 14 0 15 0 0
0 12 0 0 0 0 16 0 9 8 0 3 0 5 4 0
0 0 4 5 10 0 12 0 0 0 0 0 0 0 0 0
0 0 0 0 0 0 0 0 0 0 0 0 0 0 6 11
11 0 0 0 0 16 0 0 0 0 0 0 0 0 1 13
7 0 0 0 0 14 11 2 0 0 0 0 5 0 12 0
0 14 2 12 6 0 0 0 11 0 0 0 0 0 0 10
