0 0 0 3 0 0 13 14 0 0 0 0 0 0 0 0
0 0 0 0 6 0 0 0 0 3 0 0 8 0 0 2
0 6 0 0 3 0 0 12 1 0 14 0 13 7 0 10
7 9 10 0 0 0 8 0 0 0 11 16 0 0 0 0
3 0 0 0 0 0 12 11 0 0 0 1 5 0 2 0
0 0 2 0 0 0 1 0 0 15 0 0 7 0 6 14
0 13 7 1 16 14 0 0 0 0 0 0 0 0 3 0
15 0 0 4 0 2 0 0 3 0 0 0 0 0 0 0
0 15 5 0 14 0 0 10 0 0 0 0 0 13 0 0
14 0 6 10 0 0 0 9 13 12 5 0 3 0 4 0
16 0 0 0 13 4 0 15 8 0 0 0 0 12 5 0
12 0 0 13 0 0 0 0 2 16 15 11 9 0 10 0
0 0 0 0 0 0 0 0 15 0 0 6 0 0 0 0
0 0 0 0 0 0 0 0 0 0 0 0 0 2 7 5
0 4 0 11 0 0 0 0 0 1 9 0 16 0 0 0
0 0 0 0 5 0 14 0 10 0 8 2 0 0 0 12
