0 0 0 0 0 0 0 0 0 0 0 3 0 0 0 12
0 7 0 0 0 0 15 16 0 9 0 0 0 0 0 0
0 0 0 0 0 9 0 3 0 0 0 0 14 4 0 15
0 0 15 16 0 0 12 4 0 0 0 0 0 0 0 0
0 0 0 5 0 0 0 0 11 0 0 0 0 3 4 0
0 0 0 0 0 0 6 13 7 8 4 0 0 0 0 10
7 0 9 0 2 0 0 0 0 0 3 0 0 13 16 11
0 6 8 3 0 0 0 0 0 0 0 0 0 0 0 0
0 0 0 7 0 4 14 0 0 3 16 5 9 0 1 2
16 0 0 0 13 0 0 0 0 14 6 0 0 0 0 4
0 0 1 0 16 0 0 9 0 0 7 4 11 0 5 0
4 0 2 0 0 0 0 0 10 0 0 9 0 16 8 7
0 10 7 0 3 0 0 5 16 0 11 0 4 0 0 0
12 1 13 0 15 0 11 0 0 0 0 0 0 10 9 0
0 4 0 0 0 0 16 0 0 0 0 1 0 7 0 0
0 0 0 0 0 0 4 10 0 0 9 7 0 11 14 5
