0 0 0 0 4 0 0 12 0 13 15 0 0 0 11 6
0 15 0 0 3 0 0 0 0 0 11 0 1 7 0 0
5 0 0 0 0 0 0 0 0 0 0 0 0 12 0 10
0 10 0 12 14 0 0 0 0 0 0 5 0 0 16 0
15 11 0 6 0 0 0 4 0 5 0 1 0 8 9 0
0 12 0 8 0 13 0 5 16 11 0 0 0 0 0 0
0 13 0 2 0 0 0 0 0 0 0 4 0 1 5 0
0 0 0 5 0 0 0 0 0 10 8 0 6 0 0 11
0 0 0 3 0 0 0 0 11 0 0 0 0 15 2 0
0 0 14 9 15 6 0 0 2 0 0 0 0 5 0 0
7 0 0 0 0 0 0 2 14 0 0 3 8 0 6 0
0 0 15 11 0 0 5 0 0 6 0 0 0 0 3 0
10 0 2 0 0 3 0 0 0 0 0 8 15 0 0 12
11 7 0 0 0 15 8 1 0 16 0 2 0 0 0 0
0 0 0 14 2 0 16 9 0 7 0 12 11 0 4 0
0 9 0 0 0 14 0 0 0 3 0 0 0 0 0 0
