0 0 0 13 7 0 16 5 0 0 0 9 0 0 0 0
0 0 7 8 0 0 14 0 0 0 11 10 2 0 5 0
5 0 10 0 0 1 2 0 12 0 0 0 6 0 0 16
14 0 0 16 0 0 0 0 2 0 0 0 0 4 0 0
0 16 0 10 0 4 0 0 0 0 13 0 0 0 14 0
0 6 0 0 12 0 0 0 0 0 0 0 0 0 13 0
0 0 1 0 0 0 6 0 0 0 0 0 16 0 0 8
0 0 0 0 0 0 0 14 0 15 0 11 0 12 0 6
0 0 0 1 0 6 10 4 0 16 0 7 11 13 2 0
0 0 0 0 0 0 0 0 9 0 6 0 0 8 0 0
0 8 4 0 0 5 12 0 0 13 0 0 0 0 0 1
0 0 0 0 11 14 15 8 0 1 3 4 0 0 0 0
0 0 0 14 0 0 5 0 13 0 12 0 0 0 0 10
0 0 5 0 10 0 0 0 0 0 0 0 0 0 0 0
0 3 6 0 14 12 0 9 4 0 0 0 0 5 15 0
15 13 8 0 0 0 4 11 0 0 9 0 0 2 3 0
