0 4 0 0 0 0 10 0 0 0 0 16 0 0 0 0
0 6 15 0 1 0 0 5 2 10 7 0 0 0 0 13
0 0 0 0 0 0 0 13 3 4 0 15 0 0 0 0
0 11 12 0 0 15 0 16 1 0 6 9 0 0 4 0
0 0 0 3 13 16 0 4 0 0 8 5 0 0 0 0
0 0 0 0 0 0 9 15 12 0 11 2 14 4 3 0
6 8 0 0 0 0 0 0 0 0 0 3 13 0 0 0
0 0 4 0 3 5 2 12 0 0 0 0 0 0 0 0
0 2 0 0 0 0 0 0 8 9 0 4 0 12 0 3
0 0 0 8 0 0 15 0 0 0 16 14 0 0 11 0
16 0 9 6 0 12 3 0 0 11 0 10 0 0 2 0
0 0 11 10 8 0 0 2 0 0 3 7 0 9 0 0
8 0 13 2 0 4 0 0 0 0 0 0 0 0 6 12
0 0 6 0 0 0 0 0 7 0 0 0 0 16 1 0
1 0 0 0 0 0 0 11 0 0 0 0 3 0 0 0
0 12 0 0 0 0 0 6 0 0 0 0 0 13 0 0
