0 1 6 0 0 0 0 0 0 12 0 5 0 11 13 0
0 9 10 0 0 0 0 14 0 2 0 0 0 0 3 0
0 0 0 13 3 0 0 1 14 0 15 0 0 10 0 4
0 0 0 0 0 0 9 0 11 0 10 0 0 0 0 0
0 0 0 0 0 14 0 0 0 8 11 6 0 0 12 0
0 4 0 5 0 0 0 0 10 0 2 0 8 9 0 0
8 6 0 0 0 0 0 0 0 16 0 0 0 0 1 0
0 0 0 0 0 0 5 0 0 0 0 9 14 2 16 0
0 0 0 0 0 0 0 15 0 0 0 0 12 0 0 6
0 14 0 0 5 0 0 0 6 1 12 11 0 7 0 0
0 0 8 0 1 0 4 9 0 3 0 0 11 0 0 0
4 0 0 10 12 0 6 2 16 0 8 0 0 3 14 9
0 0 0 0 0 4 10 5 7 0 13 0 16 0 0 0
0 16 0 0 0 0 0 0 8 0 0 0 4 13 0 0
0 0 2 0 0 0 0 0 9 11 0 0 0 12 0 10
0 8 4 0 0 0 11 13 0 15 5 0 0 0 0 0
