10 0 0 7 14 0 0 3 0 0 0 0 0 0 0 0
0 0 16 0 1 0 0 0 0 9 11 0 0 3 0 0
0 0 1 9 4 5 0 0 12 10 0 0 15 0 0 0
0 6 0 14 0 0 7 0 3 0 0 0 1 0 0 12
0 0 0 0 0 0 0 11 0 0 1 0 0 5 16 0
0 0 0 6 0 13 0 16 0 0 0 0 7 8 12 0
0 0 0 5 0 12 1 0 8 0 0 0 0 11 0 0
0 0 11 8 3 0 5 0 9 2 0 0 0 6 0 0
0 0 0 0 13 0 0 1 0 0 12 7 0 0 0 0
7 4 0 1 6 0 0 9 0 8 0 5 2 15 0 0
0 0 0 10 5 4 0 7 0 0 0 16 0 0 0 0
12 16 0 0 0 0 14 8 0 0 0 1 0 7 0 0
0 1 0 4 0 0 3 0 0 0 0 0 0 0 0 0
0 0 5 0 0 0 0 0 0 0 0 0 0 14 2 0
0 0 0 0 16 8 13 10 0 12 0 0 5 1 0 7
0 13 0 16 0 0 4 0 0 1 0 0 12 10 0 0
