0 1 0 12 0 0 15 16 5 0 0 0 0 0 7 0
3 0 9 0 0 11 0 13 0 0 14 8 0 6 0 0
8 2 13 0 6 0 0 0 1 0 0 0 10 4 11 0
0 6 0 0 3 0 0 1 0 0 0 4 0 0 0 0
0 0 6 0 1 0 0 0 0 0 13 16 0 0 9 0
0 13 0 3 0 12 7 11 8 0 4 0 0 0 5 1
0 0 16 0 9 3 0 6 10 0 0 7 2 0 15 0
10 0 0 0 0 0 0 8 0 0 0 11 3 7 12 0
1 0 0 0 0 0 0 0 0 0 15 0 0 0 0 0
0 0 0 0 0 0 0 0 0 0 0 0 0 9 13 11
6 3 11 0 0 0 9 0 0 0 0 0 0 0 0 15
2 0 0 0 0 0 11 0 0 0 7 0 1 0 0 0
0 0 14 0 7 0 0 0 12 0 0 5 0 13 3 0
0 5 0 2 11 0 0 0 9 16 0 0 4 12 0 7
7 10 0 0 12 0 0 4 0 0 0 0 0 0 0 0
0 0 0 0 0 0 0 0 0 0 0 10 8 0 0 16
