6 10 3 11 13 14 0 0 0 0 0 0 0 0 5 0
7 0 13 0 0 0 0 0 0 0 2 0 0 0 0 0
2 14 0 16 0 8 0 0 12 0 7 0 0 3 6 10
0 0 8 0 7 15 0 16 0 0 0 0 0 0 0 13
0 13 0 15 0 0 0 5 0 0 9 0 3 1 7 11
14 0 0 0 16 0 13 0 0 0 12 1 8 5 0 0
10 8 11 5 0 0 0 1 14 0 13 15 0 0 0 0
0 4 0 0 0 0 0 0 16 0 0 2 0 0 0 0
0 0 0 0 0 0 0 0 0 0 14 4 6 0 0 0
0 0 2 0 9 0 10 0 1 0 15 0 0 0 14 0
16 0 0 0 0 0 0 0 0 0 0 0 0 10 0 0
4 0 5 0 6 1 0 0 0 0 0 13 0 0 0 0
0 0 0 7 12 0 9 0 0 6 0 0 13 0 0 8
0 0 0 0 0 0 0 11 0 2 4 0 12 9 1 3
0 0 0 2 0 0 0 0 15 0 5 0 0 0 0 0
13 0 12 0 0 10 15 0 0 0 0 0 0 11 2 0
