0 0 0 0 0 7 0 6 0 0 1 0 0 9 0 11
0 0 0 0 0 0 5 9 8 0 0 0 0 0 16 14
0 0 11 0 0 8 0 0 0 0 0 0 2 7 1 0
0 1 8 0 10 11 13 14 15 0 0 12 0 0 0 6
0 0 0 11 0 0 0 0 0 0 0 13 0 0 7 0
7 0 0 0 16 10 2 12 0 0 0 4 0 3 15 9
14 0 0 0 5 13 8 1 0 12 3 0 0 0 11 0
8 0 4 0 0 0 0 0 0 0 0 10 0 0 0 0
0 0 0 0 0 0 3 10 0 6 0 15 7 0 0 2
0 0 15 0 0 4 0 2 10 1 0 0 0 0 0 16
0 0 0 0 8 5 15 0 0 7 0 0 10 0 0 0
0 0 0 0 0 0 0 13 0 8 12 9 11 0 0 0
11 0 0 0 3 9 0 0 6 0 0 7 0 0 0 4
0 0 0 0 11 0 4 7 0 0 0 0 0 10 0 0
0 0 0 3 13 0 10 0 0 0 0 2 15 0 0 0
1 0 0 0 0 15 0 5 0 0 0 0 0 0 9 0
