13 0 0 16 0 0 0 0 0 10 12 0 0 2 7 8
0 0 0 0 0 15 16 0 1 0 9 0 0 0 0 0
0 0 0 12 0 0 0 0 0 0 14 0 15 16 0 10
0 0 0 9 3 10 12 0 0 16 0 0 0 4 0 0
0 15 0 0 0 0 0 0 13 0 0 16 0 0 1 0
0 16 0 0 9 0 0 0 0 0 0 0 0 15 0 7
0 9 0 13 10 11 0 0 0 4 0 14 0 6 0 12
0 7 0 11 5 12 0 0 0 9 10 0 8 0 14 0
0 0 0 1 0 0 5 10 0 3 0 4 0 0 0 0
0 0 0 0 13 0 0 3 0 0 0 7 9 0 0 0
0 0 0 0 0 7 0 0 0 0 0 9 11 0 0 0
15 0 9 0 2 0 8 1 0 0 0 0 14 5 0 0
9 0 8 0 15 0 0 2 16 0 0 11 0 0 0 0
7 10 0 0 1 3 0 0 12 0 0 0 2 0 0 9
11 13 16 0 7 8 14 0 0 0 0 0 0 0 0 6
0 5 0 0 0 0 0 9 0 0 3 0 0 0 0 0
