12 15 0 5 16 0 0 9 0 6 11 0 0 2 0 3
14 13 16 0 0 6 11 5 0 0 0 10 0 0 0 0
0 0 0 0 7 0 0 0 5 0 0 0 0 0 0 0
7 0 6 0 0 14 10 0 0 0 13 1 0 5 0 0
0 7 0 0 0 12 0 14 0 10 8 9 0 0 0 4
4 0 0 13 0 10 15 0 0 0 0 0 0 0 0 0
2 0 8 0 0 3 7 0 1 0 0 16 0 0 0 0
10 0 0 12 0 1 9 0 6 0 0 0 0 0 0 13
0 0 0 4 12 0 0 1 0 3 0 0 0 11 0 0
9 0 0 0 0 0 0 10 7 15 0 13 0 12 0 16
0 8 2 6 0 0 14 3 0 4 0 0 9 0 0 5
0 12 0 0 0 7 0 0 0 0 0 0 0 13 0 0
0 0 1 7 10 4 0 6 0 0 0 0 0 8 0 2
0 0 0 0 15 0 0 11 0 0 0 0 3 0 0 0
0 16 0 15 0 0 0 0 0 0 0 0 10 14 0 0
0 0 0 2 0 5 0 0 0 0 10 0 0 0 0 0
