0 14 1 0 13 0 0 0 0 0 0 0 9 11 12 10
10 15 0 0 1 0 0 0 5 0 0 0 0 13 0 14
0 12 0 6 2 0 10 0 0 0 0 16 0 0 0 0
0 16 4 0 0 11 12 0 0 0 0 0 0 2 0 8
8 0 0 0 12 5 3 0 0 0 0 0 0 0 1 2
0 7 0 0 14 13 2 0 0 11 10 0 12 0 0 15
0 0 0 0 0 0 0 7 6 0 0 0 0 0 10 0
0 0 0 0 0 0 0 11 0 4 9 0 0 0 0 0
0 4 0 0 0 0 14 0 15 0 5 0 0 7 8 9
0 0 7 11 8 0 0 0 0 3 6 0 0 0 0 0
0 0 0 12 0 0 0 0 8 0 0 0 0 0 11 13
0 0 8 0 4 7 0 12 0 0 0 0 0 5 0 0
4 0 0 0 0 0 15 10 0 0 13 0 0 12 0 1
7 0 0 0 0 0 9 0 3 0 0 6 0 0 0 0
11 6 0 5 16 0 8 0 0 1 0 0 0 0 0 0
0 13 0 15 0 2 0 0 0 0 16 0 0 14 5 6
