0 14 8 0 1 10 5 0 0 9 0 2 0 7 0 0
0 0 16 1 7 15 0 0 5 4 0 0 0 9 0 0
11 10 0 0 0 0 0 0 13 3 7 0 2 0 0 0
0 9 15 0 0 0 0 0 1 0 0 0 10 0 0 16
0 0 10 12 0 0 0 0 0 0 0 16 0 0 0 0
0 0 13 15 0 0 2 14 0 0 0 0 8 16 0 10
2 0 0 16 0 9 0 8 0 0 0 0 0 0 0 0
3 5 0 0 16 0 0 0 0 10 2 0 14 0 12 15
4 0 0 6 0 0 0 0 0 0 0 13 15 0 1 0
16 0 0 14 5 12 0 0 6 0 0 0 0 8 4 0
0 0 0 0 0 0 0 0 0 0 5 3 16 0 6 0
0 0 12 0 14 0 0 0 7 0 0 1 0 0 0 0
0 16 0 0 0 1 11 0 14 0 0 0 0 0 0 0
14 0 3 13 0 0 0 0 10 0 0 0 0 0 0 0
0 0 0 0 0 0 0 9 0 0 0 0 13 0 0 0
0 0 9 8 13 5 0 10 3 7 11 0 12 15 0 0
