0 7 4 0 0 6 0 0 0 0 0 11 15 0 0 0
6 0 5 0 0 0 0 1 0 0 0 0 2 0 0 14
0 11 12 13 0 0 0 3 10 14 0 0 5 0 6 0
0 2 15 0 0 0 0 0 0 7 9 13 1 0 0 0
11 10 13 0 14 4 5 0 0 6 0 0 7 9 0 0
0 14 3 0 0 7 0 0 0 15 8 0 0 10 12 0
0 0 0 0 0 12 0 0 0 0 0 5 0 0 14 0
0 0 0 12 8 0 0 0 0 10 0 0 0 0 0 0
0 0 0 0 10 0 0 4 0 3 0 0 13 0 5 0
0 0 9 15 0 0 0 0 0 13 0 0 0 0 10 4
0 0 6 0 9 0 0 8 0 0 0 7 0 0 0 11
10 1 0 4 0 5 0 0 0 0 0 0 14 7 0 0
0 12 1 3 0 15 0 11 0 0 7 0 10 0 0 0
4 0 14 2 0 13 0 0 0 11 0 10 0 0 0 6
0 0 0 0 0 0 0 0 0 12 14 0 0 0 0 0
0 0 0 0 1 0 0 0 0 0 13 0 16 14 0 3
