0 0 6 0 0 0 14 9 0 3 0 0 0 0 0 0
9 12 0 0 8 11 16 0 0 0 7 0 0 1 5 0
5 0 0 0 6 3 0 0 0 2 0 0 0 13 16 0
0 0 0 0 0 0 0 0 11 8 0 0 0 6 0 12
10 0 0 13 0 0 0 0 0 15 0 3 0 7 8 0
0 0 0 0 0 0 0 0 4 0 0 8 0 3 0 1
1 4 0 0 13 0 9 0 0 0 0 16 0 5 12 6
0 5 0 0 16 7 0 0 0 10 0 0 0 4 0 0
0 16 0 0 0 1 15 8 0 13 0 0 0 0 0 0
0 13 0 0 0 6 0 0 0 16 0 0 1 8 0 3
0 0 0 10 0 0 0 0 15 0 0 0 0 9 0 16
12 0 7 0 0 0 0 0 8 0 9 6 14 11 0 15
4 0 0 9 0 8 3 13 0 14 0 0 0 15 0 0
0 0 0 0 0 0 0 0 0 0 0 0 0 12 0 0
0 0 2 0 0 0 0 0 0 0 5 0 0 16 3 0
0 7 0 0 0 16 6 0 3 9 0 2 0 14 0 8
