10 11 0 0 0 15 0 0 0 0 0 0 0 3 4 0
0 0 0 0 0 4 0 0 0 13 0 8 15 0 0 12
0 9 15 0 1 2 0 0 11 0 3 0 13 0 0 14
3 6 0 0 7 0 0 0 0 0 15 0 0 0 0 0
0 5 0 0 0 0 0 0 0 0 16 0 14 10 0 0
12 0 0 0 0 0 3 0 2 0 0 0 5 7 0 6
0 0 0 2 8 6 0 0 7 5 0 0 12 0 16 0
0 16 0 7 0 5 0 15 4 0 0 0 0 0 0 0
1 12 13 0 0 0 14 0 0 0 4 0 2 9 0 0
0 0 0 10 0 0 0 0 1 0 0 0 0 0 0 0
8 4 0 9 11 0 0 0 0 0 0 5 3 14 0 0
0 0 2 15 0 0 8 0 0 16 0 0 0 0 7 0
0 7 0 0 0 8 12 1 15 2 11 9 0 0 0 0
0 0 0 11 5 0 15 2 0 0 0 14 0 0 0 4
0 0 0 12 0 0 0 0 16 0 0 0 0 6 0 8
0 13 0 0 0 0 7 0 12 0 0 0 0 1 2 0
