2 3 0 7 0 14 15 0 9 0 5 0 0 0 0 0
8 0 0 4 0 0 0 0 11 0 0 0 0 0 13 14
0 0 12 0 8 0 0 7 2 1 10 0 0 0 3 0
1 0 0 0 0 0 0 0 0 0 0 13 2 4 5 0
0 0 14 0 0 0 0 0 0 0 8 0 12 0 15 0
0 0 0 0 0 0 0 0 0 11 0 1 0 0 6 0
0 16 4 12 0 8 5 0 0 0 0 0 0 2 0 1
13 1 0 0 0 0 0 0 0 0 0 0 0 11 0 10
12 0 0 0 7 0 3 4 0 8 0 0 9 0 0 6
0 0 0 6 0 0 0 11 14 0 16 2 0 0 0 0
0 0 8 0 0 13 1 0 0 0 0 4 5 0 2 0
0 4 0 2 14 0 0 0 0 0 0 10 7 0 0 13
0 0 0 5 4 0 7 0 0 0 0 0 16 6 14 0
14 0 7 15 0 0 0 0 0 0 0 11 0 0 0 2
0 2 16 0 12 0 0 0 6 0 1 0 0 0 10 5
0 0 3 0 0 0 0 0 0 0 0 0 4 12 0 7
