0 10 6 11 12 0 0 4 8 0 14 0 0 0 0 7
0 0 0 0 0 0 15 0 0 3 0 5 8 10 16 0
0 0 0 0 0 0 0 0 0 0 0 12 11 13 0 0
0 15 0 16 0 0 0 0 0 0 0 0 0 0 0 0
0 0 15 0 0 0 0 11 0 0 0 0 10 0 1 0
0 0 0 5 0 0 0 0 14 0 0 11 0 0 3 0
0 0 0 12 0 0 0 15 4 0 8 9 0 0 0 13
4 0 8 6 0 10 9 0 3 7 13 0 12 0 11 0
0 0 0 7 14 0 8 12 6 16 2 0 13 0 0 0
0 0 0 0 2 16 4 1 0 0 0 0 0 6 0 0
0 0 0 0 13 0 3 0 0 0 0 0 0 11 2 10
0 0 3 0 0 0 0 0 13 0 0 4 16 0 0 0
0 0 16 1 0 0 0 0 0 8 12 10 0 5 0 0
6 13 12 14 0 0 11 0 0 0 1 7 0 0 0 0
8 4 9 0 0 0 1 16 5 0 3 0 7 0 0 0
5 0 0 0 0 0 0 8 0 0 0 0 0 0 0 0
