0 3 0 0 0 0 15 0 0 0 0 6 0 0 0 0
0 10 0 0 3 0 5 0 0 0 0 2 0 0 0 0
0 0 0 0 0 2 0 0 0 7 8 0 13 6 0 12
0 9 11 13 0 0 4 0 0 0 0 16 0 0 0 5
0 0 9 2 0 5 14 3 0 8 10 0 11 0 15 13
0 0 0 0 0 0 8 1 0 0 0 13 0 0 0 7
0 0 0 5 0 0 0 0 0 12 0 0 6 0 9 4
10 0 0 3 0 0 6 0 9 11 0 0 0 0 0 0
0 7 2 0 10 0 0 0 15 0 0 0 4 0 0 0
0 0 3 0 0 0 1 0 0 5 0 14 0 0 0 0
4 13 5 0 2 11 0 0 0 0 0 10 8 0 0 0
0 0 0 15 6 0 0 0 4 0 0 11 0 0 0 0
0 4 0 8 0 0 0 6 0 0 0 12 3 0 2 0
0 2 0 9 15 0 0 0 11 3 6 0 16 0 10 0
0 12 6 10 0 0 0 0 0 0 1 7 9 11 14 0
0 11 0 0 0 0 0 8 0 0 0 0 0 0 4 0
