1 18 19 0 0 5 0 7 0 0 0 10 0 0 0 0 0 0 0 0 0 0 0 16 0
0 0 0 0 0 0 0 0 0 0 19 0 21 24 0 0 0 0 11 0 0 0 0 8 0
0 0 9 0 0 0 12 16 0 0 0 0 0 0 0 1 0 0 0 0 0 0 0 0 24
0 0 0 0 0 0 21 22 25 10 15 0 17 18 3 0 0 0 0 9 0 0 0 5 6
0 8 0 17 0 3 0 0 2 0 0 0 6 0 0 0 0 0 16 0 10 11 0 0 0
0 0 1 0 3 0 25 4 10 12 22 0 0 0 9 0 0 0 0 17 0 16 18 13 14
16 6 0 0 9 2 0 0 21 0 0 0 0 0 15 0 0 0 0 0 0 0 3 0 0
15 13 0 4 0 16 22 0 23 0 20 0 0 0 0 6 0 0 0 3 0 0 0 0 0
0 0 20 0 12 18 0 0 14 15 0 0 16 3 0 13 21 10 0 0 9 5 0 11 2
25 0 21 0 0 0 1 0 0 0 13 0 0 0 24 0 0 0 0 5 0 0 0 0 0
0 0 0 0 0 7 16 6 0 0 0 21 0 8 0 0 0 25 0 0 0 15 20 24 0
6 0 0 0 0 0 0 0 0 0 0 15 0 0 0 0 0 0 0 21 0 0 0 0 0
0 0 0 24 0 0 0 0 0 5 0 0 3 0 0 0 2 19 12 0 6 10 0 18 0
0 21 8 0 0 0 0 0 0 0 0 13 18 0 0 24 1 0 0 10 16 25 23 0 0
2 0 0 0 0 23 0 0 0 0 0 12 1 0 0 3 6 0 0 0 22 8 0 0 0
0 0 0 20 7 12 5 19 9 0 14 23 0 0 0 8 3 17 13 0 24 0 0 0 0
0 11 0 9 17 0 0 0 16 0 0 0 15 10 0 19 0 0 21 7 0 0 0 25 1
0 0 0 0 5 0 0 0 0 0 12 0 0 0 0 25 11 0 9 0 0 0 2 10 0
0 1 2 18 16 0 10 0 7 0 0 0 0 0 6 12 0 23 0 0 0 0 13 9 0
4 19 22 0 0 21 13 0 0 0 17 0 9 0 2 0 0 0 1 0 0 0 0 0 0
0 0 0 0 0 6 19 0 0 0 10 14 0 21 0 18 0 0 0 0 0 20 0 3 0
0 0 0 0 0 0 15 10 5 17 24 0 0 0 0 0 19 0 0 0 0 0 14 0 0
0 0 0 3 0 25 0 0 11 0 0 0 0 1 5 0 0 0 6 15 0 13 0 0 0
0 0 16 0 0 8 0 0 12 0 0 0 0 0 0 0 0 0 14 23 7 17 0 0 0
0 0 0 2 1 24 0 0 3 0 0 0 0 20 7 17 0 0 0 0 11 0 0 0 0
