11 0 0 1 0 0 0 0 0 0 0 0 0 0 0 21 0 0 0 0 5 0 0 6 0
0 0 16 9 6 0 0 0 0 0 10 0 13 0 0 0 5 0 24 0 0 0 0 11 0
13 0 0 3 0 11 0 0 0 5 0 0 0 12 0 0 0 0 23 0 0 10 0 0 0
14 22 0 0 0 6 8 0 16 0 0 0 0 11 0 17 4 3 1 0 0 25 21 0 20
20 0 0 12 5 0 0 0 0 0 22 14 0 0 0 0 16 0 0 0 19 0 0 4 0
0 11 0 6 0 21 5 22 23 7 0 0 0 0 0 24 0 0 17 0 0 0 15 16 19
0 0 0 0 16 8 0 0 0 17 0 0 0 0 25 0 0 19 0 21 0 0 6 10 0
0 0 17 0 0 0 4 0 0 0 8 13 11 0 0 0 0 0 0 0 0 21 0 0 0
0 0 21 0 19 0 0 0 0 0 0 0 0 0 0 2 3 0 10 0 0 0 0 0 0
24 20 0 0 0 0 0 11 19 25 17 18 0 21 0 1 6 0 0 0 2 0 0 7 0
0 0 5 0 20 25 0 23 0 2 13 0 0 0 0 0 9 22 0 0 21 0 0 0 4
0 0 13 0 1 0 7 0 0 0 3 5 0 0 0 0 8 0 11 4 0 0 0 0 6
17 2 0 0 0 0 0 0 18 8 16 0 0 0 0 0 15 0 0 0 0 12 0 19 11
0 0 6 24 0 0 0 0 13 0 0 0 0 0 0 16 0 0 5 0 0 0 0 14 23
19 0 0 0 4 0 0 0 21 0 11 0 0 2 0 23 12 0 0 7 0 0 0 1 0
5 0 8 17 0 0 0 16 0 13 0 0 0 0 0 0 24 0 18 0 0 0 0 25 0
0 0 0 0 12 18 25 0 0 0 0 17 2 16 0 14 20 21 0 0 4 0 0 5 7
0 4 0 0 0 0 19 9 0 0 0 0 0 0 13 0 0 0 2 0 11 0 0 0 0
0 0 0 0 13 0 0 0 7 0 0 10 0 0 0 0 11 0 22 0 0 0 0 0 0
25 0 2 22 24 0 0 0 0 0 0 20 0 5 0 7 13 0 0 15 6 18 0 0 0
0 5 0 0 9 16 12 0 24 0 6 0 0 0 0 0 0 0 0 0 22 0 0 0 0
0 0 0 0 0 0 18 0 0 0 0 12 0 22 16 0 1 15 0 0 0 0 24 0 2
1 0 15 0 0 0 9 0 8 0 14 0 0 0 0 0 21 24 0 11 3 0 0 18 0
18 0 3 0 21 0 0 0 0 1 0 11 0 0 24 8 0 0 0 0 23 0 0 0 9
0 0 0 4 0 20 17 14 0 0 18 0 0 13 0 0 0 6 16 0 0 0 0 21 0
