0 0 0 0 0 0 0 0 0 3 0 0 0 0 0 0 0 12 0 0 0 0 0 2 0
0 0 0 2 0 0 0 0 17 13 0 3 0 0 0 0 0 0 20 0 23 1 0 10 0
0 13 0 0 0 25 0 0 0 18 0 5 0 20 2 0 0 1 0 23 0 0 0 0 0
0 0 0 0 21 19 0 0 0 0 0 11 13 0 24 2 0 0 0 6 0 0 0 0 0
9 3 0 7 23 0 22 0 0 2 1 0 0 0 17 0 0 0 0 0 0 0 19 20 0
0 22 23 24 0 14 15 0 0 12 0 0 10 13 0 0 2 0 0 0 0 20 0 0 4
0 0 0 0 14 0 0 0 0 0 16 0 21 0 0 0 0 0 0 0 0 0 0 0 10
5 0 8 0 0 0 0 0 21 0 22 24 1 0 15 10 13 0 14 0 7 23 6 0 18
10 0 3 0 0 5 0 7 0 0 12 8 0 0 0 4 20 21 22 0 16 0 2 0 0
0 0 0 0 0 10 13 0 3 0 0 0 0 0 0 0 0 15 0 0 0 0 0 0 0
0 0 0 0 0 0 0 9 0 6 0 0 23 14 22 17 0 0 0 0 2 0 10 0 1
0 2 0 0 0 22 0 0 0 14 20 16 0 0 0 0 0 0 0 4 0 17 0 18 3
4 0 0 14 0 1 0 0 2 0 0 0 11 0 0 0 6 0 0 0 5 0 0 0 0
0 0 0 0 0 0 17 0 0 0 0 0 2 21 0 0 0 0 16 0 13 0 0 23 0
16 0 0 5 0 0 0 8 7 15 18 4 17 19 0 23 9 0 0 2 0 21 0 0 0
0 0 21 0 24 0 0 2 10 22 19 0 0 0 0 0 0 3 0 0 4 0 0 0 0
14 0 0 0 0 4 24 0 6 21 0 0 0 0 0 13 0 0 25 0 1 0 0 8 0
0 0 6 0 15 9 0 3 0 0 0 0 0 7 4 20 22 2 0 5 0 0 0 0 17
13 0 0 0 10 0 0 0 0 0 0 22 24 0 9 0 1 16 0 21 0 0 0 0 0
0 0 0 1 0 0 0 0 0 0 10 18 0 17 0 0 0 23 8 0 0 0 21 0 0
0 12 0 0 4 7 0 14 0 0 0 0 0 15 0 0 0 18 10 19 0 0 0 0 2
0 0 0 0 0 0 2 19 25 0 21 14 0 12 11 0 24 0 0 0 0 0 0 0 15
0 0 0 0 0 21 0 0 0 1 0 19 0 0 0 3 0 0 0 0 0 0 0 0 16
25 0 0 0 0 24 20 0 4 8 9 0 3 2 0 12 0 6 13 0 0 7 0 0 0
11 0 10 0 0 3 0 0 9 0 17 0 0 0 0 0 16 0 0 0 20 8 25 0 24
