0 0 0 0 24 18 0 0 21 22 0 0 0 0 0 0 0 0 0 0 5 6 0 0 0
0 10 0 0 25 0 0 13 0 0 0 0 0 5 6 0 0 0 0 0 0 21 23 0 0
0 16 0 0 0 0 0 6 0 23 0 0 0 0 0 0 24 0 0 0 1 0 15 0 14
1 0 0 0 0 0 16 17 0 0 0 0 0 0 0 0 0 7 8 23 0 0 0 2 0
0 0 0 7 0 9 0 0 0 0 0 12 0 0 0 0 0 0 0 0 0 0 0 0 0
0 18 2 19 17 0 0 0 13 7 8 0 10 12 21 4 11 0 0 0 0 0 0 0 0
0 9 0 22 0 21 1 0 8 0 0 0 0 11 16 14 7 0 0 0 0 0 0 0 0
0 8 0 13 0 0 0 0 0 3 0 24 0 0 0 0 9 0 0 0 0 0 0 0 18
0 0 0 0 0 0 0 0 0 0 0 0 0 0 17 0 0 0 25 0 0 0 0 0 2
21 7 0 0 20 0 0 16 9 0 0 6 0 0 0 0 0 0 17 0 22 23 0 0 0
23 2 0 0 13 17 18 0 0 0 0 0 16 0 0 0 22 9 0 0 4 15 20 5 12
0 0 25 0 0 0 0 2 15 0 0 9 7 0 13 3 0 0 0 6 11 0 0 0 0
10 3 0 9 16 0 0 0 0 0 0 11 0 0 1 0 0 17 0 12 0 0 22 0 0
0 0 12 0 21 8 22 0 20 0 4 23 18 25 0 0 0 24 0 0 0 0 3 0 0
0 0 0 6 0 0 0 4 10 14 0 0 12 17 0 0 0 23 0 0 0 0 13 0 0
20 6 0 25 10 14 3 7 1 0 0 0 22 0 0 2 0 4 0 0 23 0 12 18 0
2 0 0 0 3 0 6 11 0 4 0 0 0 9 0 0 21 0 0 0 0 7 0 0 10
0 0 15 24 19 0 0 0 0 0 7 0 0 6 0 1 23 0 14 0 0 0 0 0 4
0 0 11 5 0 0 0 0 0 0 24 0 0 0 18 7 0 13 0 0 0 0 8 6 0
0 23 0 0 0 13 0 22 0 24 12 3 14 8 15 0 0 0 0 0 19 1 21 0 0
0 0 0 3 0 0 0 0 0 0 0 0 0 13 7 0 12 0 0 0 0 0 0 0 0
0 0 0 2 0 3 11 0 4 0 0 0 0 0 24 6 17 0 9 7 0 0 0 0 0
16 0 0 0 0 0 0 0 6 20 18 0 0 0 9 0 13 14 1 0 7 12 4 24 0
4 13 21 0 0 0 0 0 16 0 0 15 20 0 12 19 0 0 0 0 14 18 0 0 0
0 5 0 10 9 0 0 0 22 0 0 0 0 14 0 0 0 0 0 0 20 11 0 0 0
