0 0 24 0 25 12 13 0 16 17 0 0 10 0 0 0 0 0 0 0 0 0 0 0 0
0 0 0 5 22 0 2 0 0 18 0 0 0 0 15 0 10 0 16 17 0 0 3 0 23
0 0 18 0 0 0 0 0 10 25 0 0 12 6 16 0 0 0 8 0 0 9 0 0 14
0 0 1 0 0 0 0 20 0 21 0 0 13 24 25 0 5 0 12 6 0 15 16 0 0
0 0 0 0 0 0 0 5 6 0 0 0 0 0 0 0 0 25 0 0 0 0 0 0 22
18 5 0 0 0 0 8 1 0 15 12 13 4 10 0 7 0 0 0 0 19 0 14 0 25
0 0 0 4 12 0 17 14 0 3 6 0 0 0 0 0 0 0 0 0 0 0 13 5 0
23 0 0 20 0 0 0 0 21 6 0 22 0 15 1 19 0 0 0 0 0 3 0 12 0
0 0 0 0 15 0 16 0 0 10 0 0 0 8 0 0 0 0 20 5 23 0 0 22 0
0 0 0 25 0 0 20 0 22 12 0 18 0 0 0 0 11 0 14 3 0 2 10 0 0
0 0 17 0 0 0 0 0 12 22 11 0 0 0 13 24 25 19 2 0 15 6 0 0 0
0 0 0 0 0 15 0 0 0 5 0 10 16 0 0 0 0 0 0 0 0 17 20 0 0
0 16 7 0 0 0 25 6 0 0 0 15 0 0 8 0 0 0 0 0 0 0 0 0 10
0 0 0 0 23 0 9 11 18 19 24 0 0 0 14 0 0 0 0 0 0 0 21 0 13
6 0 0 0 10 17 0 0 0 0 0 0 0 1 0 21 0 0 11 0 0 22 5 0 24
17 0 0 0 0 19 0 0 0 7 0 11 2 4 0 0 0 0 0 0 0 0 25 3 12
0 0 16 0 2 6 18 12 0 0 0 0 0 0 0 22 0 0 25 0 0 0 0 0 17
25 0 0 0 0 14 0 0 17 9 0 24 0 0 12 0 0 0 1 0 0 0 0 0 0
0 14 0 0 0 0 0 0 0 0 10 0 6 18 0 0 0 8 0 21 0 0 1 24 0
0 0 0 0 0 0 0 0 0 0 17 0 0 14 0 0 0 0 15 0 22 18 19 0 6
21 0 0 10 0 0 0 0 0 14 0 12 8 0 0 15 0 0 0 0 0 13 0 0 0
0 0 0 1 4 0 0 17 0 0 0 7 0 0 10 0 9 21 0 0 0 0 24 14 5
0 0 0 0 0 0 6 0 3 24 0 1 0 0 4 0 0 0 7 0 0 19 2 0 0
0 2 0 0 0 0 0 0 0 0 13 0 0 0 17 0 0 0 0 0 3 12 6 0 0
0 0 0 0 0 18 15 22 0 0 23 0 5 0 21 11 14 24 0 0 0 0 0 1 8
