0 21 0 24 25 13 0 0 0 17 8 0 0 0 0 0 0 12 0 0 0 4 2 5 6
0 0 20 4 23 5 10 6 0 9 0 0 0 0 0 0 2 3 0 0 0 0 0 0 17
8 0 0 0 0 0 0 0 22 0 0 2 10 20 21 0 5 6 23 24 0 0 0 14 18
2 5 0 0 0 0 0 0 0 24 0 0 17 18 0 0 14 0 19 0 0 9 8 0 0
0 0 0 0 0 1 2 0 0 0 0 0 24 0 0 7 0 0 0 0 0 0 0 0 23
24 0 0 0 0 0 0 0 0 0 14 18 0 0 0 0 0 16 0 0 0 20 0 0 0
0 0 11 0 0 0 0 0 0 1 0 0 0 0 0 0 25 4 0 10 0 0 22 12 3
0 13 0 0 1 0 0 0 0 0 21 0 8 0 0 0 0 0 6 0 18 0 25 0 16
0 0 0 0 20 22 0 11 15 21 23 0 0 0 17 0 0 0 0 13 2 0 0 0 0
4 0 0 0 0 10 0 0 0 3 0 0 11 7 15 0 0 0 0 0 0 0 0 9 0
6 0 0 0 0 20 0 2 0 0 10 0 0 0 0 0 0 0 25 1 0 0 0 0 9
12 0 8 0 0 0 0 0 10 15 16 5 0 21 4 0 0 0 0 0 25 0 6 0 0
19 0 16 20 0 0 0 0 25 0 0 14 0 0 24 0 0 0 0 2 8 15 17 0 1
21 0 17 23 13 0 0 0 0 0 9 3 25 0 0 0 4 7 15 0 0 0 0 0 0
0 0 0 0 11 0 9 0 0 19 0 0 0 0 0 8 0 18 0 0 22 0 0 4 0
0 0 0 0 4 19 0 7 0 0 25 21 0 0 20 0 12 0 9 15 17 8 23 22 0
0 7 0 0 0 0 0 0 11 0 17 10 0 9 0 0 0 5 0 0 0 1 3 0 24
0 12 0 17 10 0 0 24 0 16 0 0 0 0 8 19 0 0 0 0 0 0 0 13 15
0 0 0 0 0 0 0 5 0 0 11 1 0 0 0 17 10 23 0 0 0 0 14 0 0
0 0 21 25 0 4 0 9 0 0 0 19 0 5 0 0 16 0 14 0 0 11 0 18 0
0 0 0 0 16 17 0 0 0 0 0 23 0 10 0 11 0 2 0 0 0 0 18 0 0
0 0 13 0 19 0 11 0 7 0 0 0 18 0 0 0 0 0 12 23 4 0 0 0 25
0 0 0 0 18 0 12 0 21 0 0 0 1 0 0 0 0 25 0 0 0 3 0 2 0
0 0 0 8 0 0 0 0 18 23 0 0 3 0 0 0 0 10 0 0 0 0 0 0 22
0 20 0 12 0 0 0 10 9 0 0 0 0 0 0 0 0 0 3 0 0 23 24 0 0
