0 0 0 13 0 0 3 0 8 19 0 0 6 2 0 0 4 12 0 22 0 0 0 0 0
4 0 0 0 0 15 11 0 0 0 0 12 0 9 0 0 18 0 23 0 0 5 22 0 0
7 0 0 0 0 14 0 4 0 20 0 0 0 0 0 0 0 0 0 5 6 13 0 0 12
11 0 0 0 0 0 0 0 0 17 0 0 0 0 0 0 0 15 8 0 19 0 7 0 16
0 14 0 19 0 0 6 22 12 0 23 0 0 0 25 0 0 0 0 1 0 3 0 0 0
0 0 24 0 7 10 0 8 16 0 15 0 2 0 0 0 22 3 0 0 12 4 0 0 0
0 0 0 11 0 0 7 23 24 0 9 6 0 0 18 0 2 0 4 15 13 0 0 0 21
9 0 14 0 0 0 0 0 22 0 0 0 0 23 13 5 0 0 25 0 0 0 0 1 10
0 0 0 0 0 0 0 0 0 9 16 0 0 0 0 0 7 0 13 17 0 0 0 25 22
13 0 19 0 0 0 0 0 18 0 17 4 12 25 0 0 10 11 0 0 0 0 0 0 8
0 25 0 0 0 0 0 0 0 0 0 0 0 0 0 0 0 0 0 0 0 0 0 0 0
0 0 0 0 16 0 0 0 0 0 0 0 0 0 2 0 0 0 3 0 0 11 0 0 0
0 2 0 7 0 0 5 12 4 0 0 23 0 6 8 0 0 16 0 25 0 0 0 0 24
23 0 4 0 0 0 0 0 0 22 12 0 0 0 0 24 0 0 6 11 0 17 0 0 0
0 0 3 0 0 7 0 0 0 0 0 25 24 0 0 0 0 0 0 21 0 8 19 0 18
8 0 25 0 0 22 0 0 0 0 13 0 0 0 1 0 0 19 0 0 0 0 0 0 0
19 11 0 3 10 0 0 0 6 0 0 0 23 17 5 4 0 7 1 0 0 21 0 0 20
0 0 16 0 22 11 0 0 0 7 0 15 0 0 0 0 0 0 10 0 1 19 14 0 0
0 24 0 18 6 0 0 0 0 0 0 0 0 19 0 0 0 0 0 13 0 0 16 0 4
0 0 0 17 0 0 12 0 0 0 0 16 0 0 0 6 8 9 0 14 0 0 23 11 0
0 8 0 0 0 0 0 13 0 0 0 0 0 0 12 0 0 0 20 4 0 0 0 0 0
0 0 0 0 0 0 0 7 0 6 4 17 1 0 16 0 0 18 11 0 3 0 2 0 0
17 0 22 0 0 0 10 20 0 2 5 11 9 0 0 0 0 0 0 8 16 0 0 0 6
16 3 0 0 0 21 0 11 25 0 0 0 0 0 0 0 0 0 2 12 0 0 0 9 5
18 0 12 0 0 4 0 3 17 8 25 22 0 0 0 0 0 0 7 0 0 10 0 0 19
