15 0 0 0 0 2 12 0 0 18 0 3 0 0 8 19 23 0 0 25 0 0 0 0 21
2 0 8 0 0 21 0 0 0 24 0 0 0 0 0 0 0 0 0 0 1 0 0 5 0
18 19 20 0 21 0 0 0 6 25 15 0 16 0 23 7 0 0 0 12 0 0 0 0 0
0 0 0 0 0 10 0 0 0 0 19 0 0 0 0 2 3 0 0 5 16 0 0 25 0
1 22 0 0 0 0 0 0 19 0 2 0 0 0 5 0 11 0 14 0 3 0 0 12 15
23 16 13 19 18 22 0 0 0 0 10 0 0 0 0 17 21 0 0 15 24 25 14 8 0
3 0 14 15 0 0 21 0 0 0 0 1 0 9 0 0 13 0 0 0 0 12 0 0 0
0 0 0 0 0 0 0 4 8 0 0 0 0 0 0 0 0 0 0 24 0 0 0 0 0
20 12 0 0 0 13 0 0 0 0 0 0 0 0 15 0 0 0 0 0 0 0 0 22 0
0 0 0 21 24 0 0 14 0 0 0 0 0 23 19 0 0 3 0 0 6 1 0 10 0
0 25 15 18 0 6 0 0 0 21 0 0 2 11 0 0 0 0 24 0 0 0 17 0 8
0 1 5 3 19 0 0 0 0 0 0 4 15 0 17 0 0 0 16 0 0 0 0 0 0
0 0 0 0 0 0 0 3 17 0 0 0 0 20 25 11 0 0 15 0 13 0 0 0 16
0 0 6 0 0 0 0 0 2 0 0 0 5 0 0 14 9 8 21 4 18 0 0 0 0
0 0 0 0 0 24 1 0 0 0 0 0 0 8 12 0 17 0 0 0 20 15 0 0 4
0 20 0 0 0 0 0 0 0 0 13 0 23 0 0 0 15 0 0 8 0 0 0 0 0
7 21 0 0 0 0 0 0 0 0 0 6 24 2 0 3 0 14 0 0 5 13 0 0 0
5 0 3 22 0 9 20 0 0 0 14 0 25 0 0 4 0 10 0 23 0 0 0 0 12
0 0 0 23 17 0 0 0 0 0 0 0 0 0 0 20 0 0 0 0 0 21 0 0 0
0 14 11 0 0 0 13 0 0 3 4 0 0 0 0 0 2 0 0 0 0 0 24 0 25
0 0 18 0 0 25 0 0 4 17 0 15 6 0 2 0 0 0 0 11 22 0 10 0 5
9 0 0 6 3 7 22 23 0 0 0 10 20 0 0 0 14 0 0 17 0 16 0 0 0
4 10 0 0 0 16 18 0 0 0 0 0 7 0 9 0 24 15 0 19 0 0 2 0 0
0 0 0 16 0 0 0 0 0 14 0 0 18 0 0 0 0 22 2 0 23 24 15 0 19
0 0 0 0 11 3 0 0 0 0 17 0 0 0 0 16 4 5 23 0 25 0 0 0 7
