5 0 0 0 3 0 0 0 0 0 0 22 23 14 0 0 0 0 0 0 0 0 0 20 0
0 19 21 0 0 0 17 0 0 4 0 7 0 0 0 14 0 0 15 0 0 2 11 0 0
2 1 18 20 0 0 25 0 0 11 10 5 12 16 17 0 13 0 0 0 3 0 0 9 15
8 13 14 0 25 0 0 21 5 7 0 0 0 0 0 0 0 0 0 0 18 0 23 0 17
0 0 0 0 0 13 22 0 0 0 0 0 0 0 0 0 0 0 0 7 6 0 0 0 0
0 0 0 0 20 0 0 6 0 0 4 3 0 0 0 19 0 0 0 0 0 0 22 0 0
0 0 12 0 4 14 0 0 0 17 0 0 0 25 0 0 0 0 23 0 11 0 1 0 2
7 0 5 0 0 3 0 0 0 13 16 23 0 0 24 0 0 1 0 0 0 0 0 0 0
11 9 0 23 2 18 0 0 0 0 8 0 0 0 22 0 0 0 0 0 0 0 0 16 0
10 15 0 13 0 0 0 0 24 0 0 17 20 5 0 0 0 2 0 0 4 9 12 0 18
0 0 0 5 7 0 0 0 0 0 0 0 0 4 8 0 0 0 0 21 20 0 0 3 12
0 8 0 9 0 0 0 0 0 20 13 21 0 10 19 22 14 0 0 4 0 23 0 0 0
0 0 0 0 0 0 4 13 12 0 0 0 14 0 7 2 15 23 0 0 0 8 0 0 22
0 0 0 0 21 0 0 0 0 0 20 0 0 0 0 0 0 0 0 0 0 1 0 4 0
12 4 0 16 6 25 0 0 17 0 0 0 0 23 0 0 0 13 0 0 2 0 0 0 0
0 0 0 18 11 0 13 0 6 0 0 0 0 19 16 0 0 0 0 0 25 0 0 0 9
22 0 0 0 0 0 2 4 10 0 0 12 0 0 0 0 0 0 0 0 0 0 16 0 6
6 0 0 4 1 0 14 0 0 18 0 0 3 0 20 23 0 0 0 0 7 0 10 0 0
0 0 0 0 0 0 9 17 20 5 25 0 0 0 1 13 0 18 0 0 0 0 2 0 0
0 5 3 0 0 0 0 0 0 0 7 14 4 8 0 0 0 0 0 0 0 11 0 0 0
25 2 0 17 0 4 18 0 11 0 0 0 0 0 10 0 0 9 0 0 0 0 13 0 23
0 0 0 0 0 0 0 5 0 14 0 0 25 0 0 0 0 0 0 2 0 0 18 0 0
0 0 0 1 14 0 0 0 0 0 3 20 0 18 0 0 0 0 10 0 9 0 0 2 0
15 12 9 0 0 0 21 2 22 1 0 0 0 0 0 24 0 0 13 0 10 25 4 0 20
0 21 0 0 13 20 0 0 8 16 0 0 0 0 0 0 0 0 0 0 0 3 0 6 0
