0 0 0 0 7 0 13 0 0 19 0 0 20 0 0 8 0 16 0 9 25 11 23 17 0
0 13 25 0 17 0 0 7 0 22 0 0 0 0 23 0 0 0 0 0 0 12 15 10 0
0 0 0 19 12 14 0 9 0 10 0 0 0 0 0 15 22 0 23 1 0 0 0 0 20
0 0 0 21 10 16 0 0 0 0 5 11 15 0 0 0 13 4 0 0 18 0 22 0 0
0 0 2 22 0 0 11 3 0 0 0 7 0 0 0 18 0 0 0 12 0 0 9 16 6
0 0 0 0 0 13 14 15 16 0 0 0 0 20 0 0 0 0 24 0 0 0 3 0 11
17 0 19 20 0 0 23 24 9 0 0 0 1 0 2 3 0 0 11 0 12 0 0 0 0
6 0 0 0 0 0 0 5 0 0 0 0 9 0 0 0 0 7 0 0 24 0 17 18 0
0 0 0 0 0 7 0 6 0 0 0 23 0 25 0 14 9 12 0 13 0 0 0 0 0
0 14 0 0 0 2 0 0 12 0 0 17 0 18 4 0 0 21 19 0 0 6 7 8 0
0 0 0 0 0 6 0 0 11 0 13 0 18 0 0 0 0 20 0 0 0 0 0 0 0
0 0 0 0 23 21 0 0 13 0 14 0 0 0 0 0 0 0 0 0 0 20 0 9 0
22 0 18 6 0 0 0 0 0 0 0 0 0 0 0 0 12 0 0 0 13 0 0 0 0
0 7 0 0 0 0 24 0 0 9 0 20 0 0 0 0 0 0 0 0 8 0 18 0 0
0 0 0 0 0 0 0 20 0 2 17 4 0 11 0 9 7 0 13 0 0 0 0 14 12
23 0 0 0 15 0 0 0 0 13 0 9 25 0 0 7 21 0 12 3 0 0 0 0 17
10 0 0 0 0 0 0 0 3 0 0 0 0 15 0 0 25 0 8 4 7 24 0 0 0
0 0 0 0 0 0 0 0 0 0 0 0 2 0 0 0 1 0 18 0 20 0 0 0 0
0 0 0 0 0 0 18 0 23 14 0 3 0 12 7 24 0 0 0 15 16 10 0 2 0
18 3 0 0 0 24 0 0 25 0 0 21 0 0 14 0 0 0 20 0 9 0 0 0 0
0 0 0 17 0 0 0 13 0 8 25 16 0 5 0 0 0 0 0 0 6 0 0 0 18
0 0 0 0 18 0 16 23 0 11 12 0 0 19 0 0 0 25 0 0 15 17 0 0 13
0 0 5 0 0 0 0 14 0 12 0 0 23 24 3 22 0 18 0 11 0 0 0 0 0
0 0 0 0 0 10 2 0 0 0 0 0 0 0 18 0 17 3 0 0 11 0 16 12 21
0 0 0 0 6 0 20 18 0 0 22 0 0 0 0 13 8 1 0 21 0 9 0 0 0
