0 3 0 13 0 0 7 4 0 5 0 0 24 15 0 0 0 0 0 19 0 0 20 9 0
0 0 9 0 0 0 20 0 24 25 0 0 4 7 14 0 0 0 15 0 0 0 0 0 21
0 0 0 0 0 0 0 3 10 6 0 0 0 0 18 20 23 24 25 0 19 0 22 7 13
0 19 0 0 0 0 0 0 0 0 6 0 1 0 13 0 0 4 0 0 14 0 0 0 0
0 0 24 0 0 11 0 0 0 0 0 0 0 0 0 6 0 8 9 10 0 2 0 0 15
17 18 0 0 0 0 0 0 0 0 0 0 14 16 0 0 0 0 0 0 12 0 0 22 0
0 0 7 0 0 3 1 0 0 0 20 0 10 17 0 19 0 5 21 0 2 23 0 0 4
0 0 0 24 8 4 0 0 0 0 0 22 0 0 0 12 0 11 0 17 0 14 0 0 16
3 0 0 19 0 0 0 0 0 20 23 0 15 0 6 0 0 16 0 0 8 21 0 0 0
0 12 14 1 0 0 0 2 0 0 3 0 0 0 0 0 0 23 0 15 0 20 11 24 0
2 0 13 0 0 24 11 16 0 0 0 0 21 0 4 0 17 0 1 0 0 0 0 0 0
0 0 0 8 0 25 0 0 7 0 19 0 0 0 0 0 18 10 0 0 0 1 5 0 6
0 0 5 0 0 0 19 0 0 2 0 0 17 0 0 3 11 12 8 0 0 16 0 14 0
0 0 25 6 0 5 4 0 0 12 11 0 0 0 1 0 22 0 16 14 0 0 0 0 0
0 0 0 17 0 14 6 0 0 9 0 0 0 0 0 21 25 20 0 0 0 0 0 0 22
0 21 0 0 3 0 0 0 0 0 15 14 0 0 0 0 0 0 0 11 24 0 0 0 17
0 0 22 7 1 0 0 0 16 17 4 0 2 0 0 8 15 18 0 0 13 10 0 6 3
0 0 0 0 0 12 0 20 0 0 9 0 0 0 0 0 19 3 0 0 0 0 0 0 0
0 0 0 0 0 0 0 0 0 14 0 25 0 0 0 0 0 0 0 0 0 0 0 16 1
0 0 0 0 0 0 0 0 0 24 0 0 0 0 0 4 0 0 0 0 0 19 0 15 0
0 9 19 23 20 0 21 0 13 0 0 0 6 0 15 0 0 0 0 0 0 18 0 0 0
0 0 0 14 12 0 0 6 23 8 0 2 0 0 0 0 0 0 0 20 0 0 0 0 7
6 13 0 0 0 16 0 24 0 0 0 0 3 0 0 0 4 0 12 0 0 0 15 0 0
0 0 0 0 0 20 0 25 0 0 0 16 0 0 0 23 0 0 13 0 0 0 0 0 8
0 0 0 0 4 17 22 18 0 0 13 0 0 0 0 0 8 0 19 16 9 6 0 0 20
