0 22 0 24 0 0 0 1 0 0 0 11 12 0 0 0 16 0 18 0 0 0 0 0 7
0 0 0 7 0 0 0 0 17 10 18 0 0 0 0 0 12 0 0 0 25 0 0 0 0
0 0 0 10 0 6 0 19 0 0 0 0 24 0 0 0 0 7 0 15 22 0 12 13 0
15 0 0 0 0 0 12 3 4 13 1 2 0 7 23 0 0 22 0 0 21 0 0 0 24
0 0 0 14 0 0 7 0 0 0 3 4 0 8 9 0 0 0 0 21 0 0 0 18 19
0 23 0 0 14 19 0 24 0 5 15 18 0 0 11 2 0 0 3 1 0 0 0 0 0
22 0 11 0 0 0 0 0 0 0 0 0 21 0 0 4 0 20 12 0 0 0 0 3 13
10 0 7 0 0 3 20 0 23 0 12 9 0 0 2 0 0 21 0 0 4 0 0 0 14
0 3 0 0 0 2 21 25 0 17 0 13 0 10 0 0 24 9 0 0 11 0 0 0 0
0 0 0 0 0 16 0 0 8 0 5 0 0 0 14 0 0 23 0 22 0 0 0 0 0
0 0 0 16 0 7 0 4 0 0 0 0 0 0 13 0 1 0 0 0 0 0 0 21 0
0 0 0 12 21 20 0 0 0 16 0 1 9 0 17 0 0 0 0 0 0 4 19 0 11
0 2 0 0 0 0 0 0 5 0 0 0 14 3 0 18 0 0 4 0 1 12 0 22 0
1 0 0 6 0 0 10 0 0 0 0 0 19 0 4 0 3 0 0 17 0 0 0 8 2
0 0 0 0 0 21 0 0 0 8 0 12 10 0 0 0 0 0 0 0 0 6 14 0 0
0 18 9 0 0 0 16 0 0 0 0 20 0 0 5 0 14 0 0 0 19 0 0 0 4
17 0 0 0 0 18 0 0 0 0 0 6 0 24 12 0 13 10 0 0 14 0 0 0 0
0 0 0 0 0 0 0 0 25 0 0 0 7 0 0 17 21 0 0 2 24 0 8 0 0
0 0 0 0 0 0 2 0 0 24 0 3 17 0 0 19 0 0 16 0 9 0 11 25 10
0 10 1 0 0 0 0 17 9 0 0 0 15 4 0 0 0 12 0 0 0 0 0 2 6
0 0 0 23 22 0 4 0 0 7 17 0 0 0 19 0 8 0 0 13 0 0 5 0 0
0 21 0 0 8 0 6 0 19 15 24 0 0 14 3 0 0 0 0 7 0 0 0 0 0
13 0 0 5 0 0 0 0 0 3 0 21 11 0 0 24 0 0 0 0 7 19 6 0 0
0 0 6 11 3 0 22 0 0 0 0 0 23 12 0 25 0 0 21 0 0 14 0 10 0
0 0 0 20 0 0 0 0 21 18 0 0 0 0 0 0 0 0 0 0 0 0 3 0 0
