0 0 0 22 0 0 24 0 0 8 0 0 3 0 5 0 0 11 12 0 14 0 17 0 0
5 8 0 0 6 0 13 16 0 0 11 0 22 0 0 0 0 0 0 18 1 0 0 0 0
0 0 0 0 0 1 0 0 11 0 0 8 9 0 10 19 0 22 0 6 0 0 0 20 23
11 0 0 15 0 0 0 0 17 0 0 19 0 0 0 0 0 4 0 0 0 9 16 0 0
0 0 0 24 25 0 15 0 0 0 4 0 0 16 17 0 0 0 0 0 0 6 10 11 0
2 0 0 0 0 16 0 0 0 0 22 7 19 0 0 17 0 13 18 0 0 0 0 0 0
0 0 19 13 20 0 0 23 0 0 0 0 16 0 0 0 0 0 0 0 22 0 0 10 0
22 0 0 0 0 19 0 4 6 0 24 20 0 0 9 0 0 0 0 0 0 1 14 0 0
16 0 0 0 0 2 0 0 0 1 10 0 0 13 0 0 19 0 0 0 0 3 11 0 6
4 0 0 0 12 13 20 25 0 14 0 0 0 5 0 22 0 0 0 7 0 0 0 0 17
23 0 0 0 0 0 12 0 0 0 0 0 5 0 0 0 15 0 25 0 0 0 0 1 0
0 0 0 0 11 0 19 0 24 9 15 6 8 0 0 0 0 0 0 0 13 21 0 0 0
0 0 0 0 0 0 0 0 0 11 0 16 0 0 0 21 6 0 4 1 10 0 8 0 0
8 5 0 0 0 0 0 0 18 0 7 25 0 0 4 24 13 19 14 11 15 22 0 0 0
0 13 0 16 3 0 0 0 8 0 0 0 0 11 0 5 0 0 9 0 0 24 0 7 0
0 23 0 9 16 0 0 13 0 10 0 0 0 22 0 0 0 0 0 19 6 0 0 0 0
0 0 0 0 13 0 0 0 2 0 19 0 10 12 16 0 0 0 0 0 0 11 0 0 0
0 0 0 8 0 5 0 19 1 0 25 0 0 0 0 18 0 10 0 0 0 0 0 0 4
0 20 7 0 0 0 0 24 0 0 0 18 0 1 0 0 0 0 0 15 0 14 0 0 9
24 0 15 19 0 0 0 20 4 0 0 5 0 0 0 0 0 0 0 0 0 0 25 0 0
0 0 0 0 4 17 0 0 20 2 9 0 0 19 0 11 24 23 0 25 3 0 6 0 0
9 0 0 0 0 0 0 6 0 0 0 12 14 0 0 0 0 0 15 0 0 0 18 0 0
0 24 0 5 0 4 0 21 16 0 17 0 0 0 0 0 0 0 0 0 9 0 1 0 15
0 0 12 0 14 0 0 0 0 15 8 2 24 0 0 20 0 0 0 0 0 0 19 0 21
0 0 6 0 15 0 0 22 0 18 0 0 0 0 0 0 5 0 19 0 0 20 0 0 0
