0 15 0 0 0 0 3 4 0 0 0 0 0 19 22 0 0 24 25 0 0 8 12 0 0
0 0 0 0 11 0 0 22 0 23 24 0 0 0 14 0 16 0 18 0 3 4 0 20 6
18 19 0 0 0 8 0 0 24 0 0 0 0 0 0 11 0 0 0 0 0 0 0 0 2
22 0 0 24 0 0 5 0 0 20 1 0 11 0 0 0 8 0 0 0 15 0 0 0 0
0 0 0 0 14 0 0 0 0 0 0 0 0 0 0 0 0 0 7 0 22 25 0 0 0
0 16 24 1 0 0 21 0 0 0 11 0 23 3 0 25 0 4 13 0 14 0 0 0 20
25 0 0 0 0 13 0 14 0 0 0 0 0 0 18 0 0 0 20 0 0 0 0 3 0
15 0 0 0 0 0 0 19 0 0 0 14 24 0 0 0 21 0 0 0 13 7 11 2 17
0 17 0 5 0 0 0 0 0 7 0 0 0 0 19 10 24 0 0 0 0 0 0 0 0
3 11 0 0 0 0 0 0 0 0 0 16 13 25 20 0 19 0 0 7 4 0 6 0 10
23 0 0 0 0 0 0 0 0 0 19 0 0 14 0 0 0 8 0 0 0 2 24 0 9
0 0 0 11 0 0 6 0 0 0 0 0 4 0 15 0 18 2 16 0 0 0 0 0 5
0 0 0 20 0 0 0 0 0 0 0 0 0 6 0 0 0 0 0 0 0 0 0 0 15
0 0 18 19 4 0 0 2 0 0 0 24 0 9 0 0 0 0 0 0 17 14 0 0 0
0 0 5 0 0 0 11 0 0 0 25 0 0 0 17 1 0 20 3 0 0 0 0 23 0
20 0 0 23 0 0 0 0 11 0 0 0 0 0 1 24 0 0 0 0 0 0 3 17 25
12 0 0 0 0 5 0 0 13 0 6 17 9 18 3 0 0 1 4 0 2 0 7 0 24
0 2 0 15 13 0 0 0 0 0 20 0 14 21 0 23 0 0 0 25 16 0 0 0 0
0 18 19 3 24 2 0 0 0 0 0 23 0 0 0 16 0 0 0 14 0 20 0 0 0
4 0 0 7 1 17 20 0 0 0 22 0 0 24 0 0 0 21 0 0 18 23 9 0 0
0 7 11 18 3 0 0 8 0 0 0 1 0 4 0 0 0 0 2 0 0 10 0 25 12
0 0 0 16 0 0 0 11 0 0 0 0 19 0 0 0 0 0 0 8 1 17 0 0 0
0 0 0 0 17 0 0 25 0 14 0 0 20 15 9 0 1 0 11 0 19 24 0 0 13
13 0 0 14 19 0 0 17 0 0 0 0 25 0 0 21 20 0 0 0 0 0 0 6 0
9 6 0 25 20 0 10 0 0 0 18 21 0 0 24 0 17 0 0 0 0 0 14 0 0
