6 0 8 0 12 1 0 0 2 0 0 23 0 0 0 13 0 0 22 0 10 0 0 0 0
0 10 0 13 0 14 0 0 0 0 18 0 0 21 22 0 8 0 0 24 0 0 0 0 2
0 0 0 19 20 0 12 0 0 0 0 3 7 0 0 9 10 0 0 0 0 0 0 0 0
0 15 0 0 24 0 19 0 10 0 11 0 0 0 6 0 2 0 17 0 0 3 0 0 0
2 4 0 3 21 0 0 8 24 25 0 0 0 16 0 0 0 0 0 0 0 11 14 17 0
12 24 0 0 0 0 0 0 25 0 0 0 0 22 0 0 16 8 4 20 5 1 0 0 0
0 3 0 8 0 12 0 16 18 0 0 7 11 0 5 2 14 0 1 0 0 0 9 0 0
20 0 16 14 0 10 0 0 0 0 0 0 21 0 0 19 23 0 5 0 7 0 0 0 6
0 0 0 22 0 19 0 0 8 11 0 0 0 0 0 0 0 15 0 0 14 23 18 0 0
21 0 0 0 0 5 0 0 0 0 0 0 0 0 0 0 0 0 3 0 0 24 0 0 0
0 0 0 0 0 0 0 0 0 0 25 0 10 0 0 8 0 0 7 9 0 0 0 1 0
0 11 0 7 0 0 0 0 0 0 0 0 0 2 21 10 0 22 0 0 0 0 0 0 4
0 0 0 16 0 24 0 21 0 0 0 11 0 7 0 0 0 0 0 0 0 0 0 0 3
25 0 4 0 0 0 0 3 13 18 22 0 14 23 0 0 0 24 0 1 0 0 19 0 9
19 0 0 24 0 9 1 7 0 23 0 0 0 0 0 0 0 25 0 0 0 0 0 0 0
0 0 21 0 0 23 0 0 12 5 0 0 0 0 0 18 0 0 0 16 19 0 0 0 0
0 18 24 0 0 16 0 0 21 0 0 0 13 0 0 0 0 0 0 0 15 0 0 10 0
0 0 0 0 16 6 0 0 0 0 5 0 0 0 14 23 0 0 12 0 0 0 0 0 24
0 22 0 0 0 0 0 0 17 2 0 16 23 0 0 0 21 0 0 6 0 0 12 0 0
0 0 0 25 0 0 10 0 0 7 3 0 6 0 9 14 0 0 24 5 0 16 0 0 21
0 16 0 0 0 0 0 0 6 0 0 15 0 0 0 5 1 0 0 7 0 13 0 0 14
0 0 0 0 0 20 0 0 0 0 0 0 22 10 19 0 0 0 0 0 0 21 5 0 16
5 0 23 0 2 13 0 0 0 0 0 0 25 6 11 15 4 0 21 0 0 9 10 19 22
0 21 13 0 0 0 0 5 3 9 14 2 0 0 0 0 0 0 19 0 0 0 0 0 0
0 9 0 0 19 0 14 0 4 0 21 13 0 0 0 16 12 0 0 0 0 18 0 0 0
