0 0 18 0 0 0 0 0 4 0 0 0 0 23 0 1 0 3 0 0 0 22 0 0 15
3 6 4 0 0 0 0 22 23 0 25 5 0 13 0 0 0 0 17 0 1 7 0 8 0
0 0 20 0 5 0 0 0 7 0 0 11 0 0 0 22 0 24 0 12 0 0 0 0 0
15 0 0 0 0 0 12 13 3 0 0 0 7 0 0 0 0 8 0 21 0 0 0 0 25
0 0 0 0 9 15 17 18 0 0 0 0 0 0 0 10 0 0 0 0 0 0 13 24 0
0 0 8 0 14 0 0 0 0 0 0 16 0 11 13 0 3 0 0 2 0 0 0 0 0
10 0 0 0 6 12 1 2 16 17 0 18 24 0 9 0 25 0 0 0 8 11 7 0 0
0 0 0 0 0 22 0 0 0 0 5 0 0 0 0 24 0 0 0 7 0 3 21 0 0
0 15 2 11 22 13 0 5 20 6 0 0 0 0 7 0 0 0 0 0 0 24 0 0 17
0 20 0 13 0 24 25 0 0 0 0 0 0 0 0 9 0 0 0 22 0 15 0 0 0
0 0 21 15 0 0 8 0 0 0 0 0 0 0 0 16 0 0 13 0 14 0 0 0 24
0 0 0 0 7 0 0 1 0 0 0 0 0 18 19 23 0 17 0 0 0 25 0 0 0
0 0 0 0 0 0 13 17 0 0 0 0 0 0 0 0 0 4 8 9 0 1 0 0 0
16 0 0 4 17 0 0 0 18 0 2 0 0 0 21 0 0 0 3 0 19 9 8 0 13
0 9 3 0 0 16 0 0 0 23 0 8 0 0 0 0 0 15 2 0 7 0 0 0 21
0 10 16 6 0 0 0 0 0 0 0 0 8 0 0 0 7 0 23 14 24 2 0 21 12
0 19 11 0 4 7 0 0 12 2 0 0 0 0 20 0 0 0 0 0 0 6 23 15 0
25 0 0 0 0 0 0 0 22 0 0 0 0 4 23 0 0 0 10 20 11 17 0 0 0
21 18 0 12 0 0 0 0 24 0 7 0 0 0 11 0 0 0 5 3 0 0 0 0 0
1 0 0 0 0 0 0 25 11 19 0 13 17 0 0 0 0 0 0 15 22 5 0 0 0
0 0 19 0 13 0 0 0 0 1 0 6 0 5 0 0 0 7 0 25 0 0 0 0 11
0 22 10 5 0 6 18 0 0 0 0 17 9 21 0 3 0 12 0 8 0 0 0 19 0
0 0 25 0 0 0 22 0 0 0 0 0 0 0 0 0 9 2 0 0 0 0 0 0 5
0 0 0 0 0 0 0 20 0 0 14 0 18 15 0 0 0 0 0 0 0 13 0 0 0
0 0 15 0 23 25 24 0 0 5 20 0 13 0 0 0 0 0 6 17 0 0 9 3 0
