0 0 19 20 6 0 2 0 7 0 0 25 0 14 8 0 0 5 0 3 23 24 0 13 15
0 0 15 0 0 16 0 0 20 0 0 1 0 0 0 0 24 0 6 0 0 0 0 18 0
0 2 0 7 0 17 14 18 0 0 0 0 0 0 0 0 0 9 8 1 0 0 0 0 0
0 0 0 0 0 0 0 0 15 0 0 0 0 0 0 0 0 0 18 0 1 8 0 9 0
9 8 1 0 13 25 0 0 0 0 0 0 18 22 15 19 0 0 0 0 0 0 0 7 0
20 0 0 0 0 12 0 2 0 0 23 0 0 0 0 10 0 0 0 17 22 11 0 0 8
0 22 0 0 0 0 15 3 0 0 0 0 2 0 0 18 0 7 0 14 13 0 5 0 0
0 0 0 0 19 0 0 0 8 0 0 0 0 0 10 0 0 24 0 13 0 0 7 21 0
0 0 23 0 0 18 0 0 0 0 0 0 0 0 0 0 0 0 11 22 0 0 0 2 0
0 13 6 5 0 22 0 0 25 0 0 4 9 0 0 8 0 20 0 0 0 0 0 0 17
18 19 0 22 0 0 20 0 0 1 0 3 0 0 0 0 14 15 0 0 0 0 0 11 0
0 0 0 0 0 19 21 13 0 0 0 0 23 0 0 0 0 0 0 0 0 0 0 0 2
6 0 10 23 0 0 22 0 0 0 0 0 0 16 0 0 2 0 0 0 18 0 24 0 0
0 0 0 0 11 0 16 0 17 4 0 0 0 1 0 0 0 0 23 0 0 0 15 0 0
0 1 0 0 0 0 25 23 0 15 0 0 20 0 0 5 0 0 22 0 0 7 0 0 16
0 0 3 18 0 13 1 14 0 0 15 0 0 0 19 0 11 23 0 4 0 0 17 8 0
0 11 17 10 0 15 8 16 0 0 0 0 0 0 0 24 0 0 0 6 7 0 0 0 0
0 0 0 19 0 11 9 0 0 0 0 0 14 0 24 7 0 0 0 2 21 0 0 0 4
0 0 0 0 4 0 6 25 19 22 0 0 0 7 0 0 18 12 0 0 15 16 0 0 0
13 0 0 14 12 0 10 0 0 0 1 0 0 0 4 0 0 17 15 0 25 0 0 20 0
0 0 0 0 0 7 13 0 0 0 25 17 0 3 14 11 0 22 0 15 2 12 0 0 0
0 0 0 6 22 0 0 0 0 0 0 0 0 0 0 0 0 14 20 0 0 0 0 0 21
0 0 0 0 18 0 0 0 0 0 0 0 22 0 0 2 0 0 0 23 16 0 0 0 0
0 17 24 0 0 0 0 0 11 0 4 0 21 5 0 0 0 0 0 16 0 13 6 22 7
15 0 0 0 1 0 18 0 21 19 0 0 0 12 7 4 0 0 0 0 0 0 3 0 0
