0 21 0 24 25 0 0 17 0 11 0 4 0 8 0 0 0 18 0 0 0 0 2 0 0
0 0 4 0 0 0 0 0 0 0 0 0 0 24 25 19 0 0 0 17 0 0 0 8 23
0 0 10 11 7 19 0 0 0 25 0 14 0 20 0 2 3 0 0 8 0 0 17 9 0
0 0 0 0 0 0 0 0 8 14 0 0 0 11 17 5 0 0 0 25 0 0 0 0 10
12 0 0 17 0 3 0 0 0 24 2 5 6 0 23 0 0 9 0 0 0 0 22 11 0
0 17 21 0 0 0 0 0 0 19 0 0 23 0 0 13 24 0 0 0 5 6 1 7 0
5 13 0 0 15 0 0 0 0 0 0 6 0 0 1 21 0 2 18 0 8 0 0 10 0
14 0 0 16 4 0 1 0 0 13 24 0 2 25 0 6 0 0 0 0 0 0 0 18 12
3 0 0 23 2 0 0 24 0 12 0 16 0 0 5 0 0 0 0 0 19 0 0 20 0
0 1 0 10 0 22 8 0 0 0 0 0 0 0 0 3 0 0 0 11 0 0 0 24 0
0 12 19 0 0 0 0 14 0 0 0 0 0 0 0 0 0 0 0 0 0 0 0 0 0
0 0 0 9 0 0 0 0 0 0 0 0 0 12 0 0 0 13 0 0 18 0 0 3 19
0 3 0 0 0 0 6 19 0 8 0 0 0 0 0 0 4 0 0 0 0 10 23 0 0
0 0 14 0 0 0 0 0 16 21 0 0 0 13 0 23 22 0 0 0 0 11 0 1 0
0 10 0 0 5 0 0 23 1 4 19 0 7 0 16 0 0 0 0 24 0 0 0 14 21
0 20 0 4 0 0 0 0 14 0 0 0 0 0 18 0 25 0 0 6 0 0 0 0 0
0 0 11 0 12 6 19 0 13 0 23 0 8 0 7 22 0 0 0 0 0 0 18 0 1
0 0 0 0 0 0 0 0 0 0 0 0 4 0 0 0 0 0 0 0 14 13 19 0 0
0 0 0 0 0 24 0 8 22 0 14 13 1 0 0 0 12 0 0 16 0 0 7 25 0
2 0 0 0 0 21 0 0 0 18 0 12 0 0 0 0 10 11 23 0 0 24 8 0 0
16 0 0 0 19 12 0 0 0 0 0 0 18 15 0 0 0 21 13 0 6 0 0 0 5
0 15 0 0 0 14 0 0 0 10 0 23 0 0 0 0 0 0 0 0 7 0 0 19 0
4 0 17 5 14 0 0 0 0 0 0 19 21 0 0 9 0 0 2 0 11 0 10 22 0
0 0 0 0 10 0 0 6 0 0 0 3 0 4 0 0 0 0 0 0 2 14 0 23 0
23 0 0 1 0 8 0 0 0 5 13 0 0 6 0 0 17 24 0 7 4 0 25 0 18
