0 0 0 6 0 0 0 19 0 0 4 0 0 0 0 0 0 0 0 0 1 2 0 3 0
13 0 7 15 0 0 0 0 0 0 0 0 21 0 0 0 0 0 0 0 0 5 0 0 0
25 0 0 0 2 0 18 7 10 1 0 17 0 0 0 0 0 0 0 19 11 12 0 0 21
21 0 0 0 17 8 0 0 4 0 0 0 0 0 0 0 3 0 0 0 0 0 23 16 0
0 0 0 8 4 0 0 2 11 0 0 0 0 0 0 15 0 21 0 10 17 0 0 19 0
0 21 12 0 0 0 1 18 0 9 17 0 11 0 0 0 0 0 0 5 23 0 0 4 15
0 0 0 9 0 12 0 0 19 0 22 0 0 0 0 0 15 0 0 0 0 0 0 0 0
0 0 22 3 24 0 0 20 0 0 13 0 9 1 0 0 6 0 18 0 7 0 5 0 0
20 0 0 10 0 25 22 15 0 0 2 0 5 24 0 0 1 11 0 0 0 0 0 0 0
14 2 0 0 16 0 0 21 0 0 0 0 0 0 0 0 22 7 0 0 0 0 0 0 0
0 0 0 0 5 18 19 0 0 0 0 4 0 0 0 8 0 12 0 0 0 0 0 0 0
0 0 23 24 25 2 0 0 0 0 0 0 0 11 19 0 10 16 14 0 9 21 18 0 4
15 0 17 0 19 0 0 0 0 0 0 0 10 13 0 0 2 0 3 6 12 0 0 0 11
3 0 0 7 0 10 0 0 17 0 12 0 0 0 0 0 0 0 0 25 2 0 14 0 0
0 0 0 0 0 0 0 0 0 0 0 0 0 0 0 22 0 0 0 20 0 19 0 0 0
0 23 6 5 0 0 7 13 0 0 0 0 0 0 8 0 0 3 0 0 0 0 16 17 0
0 0 0 25 10 0 0 0 0 6 0 0 0 20 0 0 0 14 22 0 0 4 12 0 0
0 0 0 0 0 17 0 0 0 0 0 0 0 0 18 0 0 0 11 1 13 9 19 24 0
24 0 19 0 0 3 0 0 15 18 0 12 0 0 0 13 8 5 20 2 0 11 0 14 0
0 13 0 0 0 0 0 0 2 0 1 0 0 3 0 0 4 17 0 0 0 0 0 20 0
0 19 13 17 0 0 0 10 0 0 0 0 0 0 4 0 0 0 7 0 0 0 0 21 9
0 0 0 0 12 0 0 0 18 0 0 0 0 0 0 3 0 0 0 0 16 0 1 22 0
6 0 0 0 3 14 20 0 0 13 0 0 0 19 0 0 0 15 1 8 0 0 2 23 17
0 18 25 14 20 21 24 0 7 0 6 0 3 0 9 0 0 13 0 22 0 0 0 12 5
8 0 0 4 0 0 0 0 0 0 14 0 0 17 0 0 9 0 0 0 20 0 13 0 0
