18 21 0 0 0 20 19 0 0 11 24 7 0 0 0 0 0 0 0 13 0 0 17 10 0
0 0 0 2 0 0 0 0 0 6 11 0 1 0 8 0 0 0 0 21 0 0 0 7 0
20 0 0 0 10 21 0 0 0 0 0 12 0 13 23 0 0 1 0 0 0 0 0 0 19
16 0 11 0 0 10 0 0 0 0 0 0 4 0 22 0 19 0 0 24 0 9 0 13 21
7 0 13 0 0 0 0 4 0 0 9 0 16 0 0 0 0 15 11 20 0 0 0 0 0
0 8 7 0 0 0 0 0 0 0 0 0 0 0 0 20 0 11 0 4 0 0 0 0 0
0 0 0 0 0 0 5 10 0 0 2 0 0 0 0 0 0 0 16 1 25 23 0 0 0
0 0 0 0 19 0 9 0 0 0 12 0 18 10 4 0 0 0 17 5 0 0 0 0 0
0 18 0 0 0 4 3 0 0 7 15 0 0 20 0 0 0 0 0 9 0 0 0 0 0
17 4 5 20 0 0 0 0 1 8 0 0 0 14 0 25 13 0 0 3 0 0 0 0 12
0 11 0 13 0 0 6 0 9 18 1 0 0 4 0 8 15 16 24 25 19 20 0 0 0
15 0 23 0 25 0 0 0 0 0 0 0 0 0 18 0 0 0 0 0 8 0 2 0 0
0 9 16 0 21 0 0 7 12 0 0 0 0 0 15 0 11 17 0 0 0 4 0 0 6
3 17 4 0 20 0 0 0 24 0 5 6 0 11 0 13 0 0 0 0 0 0 15 0 18
0 0 0 0 1 0 4 14 15 16 8 21 0 23 25 0 20 9 0 0 11 0 13 0 0
0 23 0 0 0 25 0 0 11 0 0 0 0 6 0 1 0 2 0 0 0 0 24 4 0
13 0 10 4 0 12 0 3 5 22 0 0 0 1 0 0 0 0 0 0 0 0 16 0 11
0 0 0 0 0 0 0 6 0 0 0 0 0 15 0 0 18 4 0 0 22 0 0 0 0
0 0 22 0 0 0 0 16 0 0 0 0 0 0 0 0 24 0 0 0 9 0 0 0 0
6 0 0 16 0 2 0 0 0 0 0 0 0 0 0 0 0 0 0 0 0 17 20 21 0
0 0 0 0 0 15 24 25 6 20 0 0 12 0 9 4 0 19 0 0 0 11 0 17 0
4 0 0 0 0 8 0 0 23 2 7 0 24 0 20 12 0 18 5 0 14 10 19 15 0
0 15 0 0 0 0 0 0 0 0 0 0 0 0 0 0 0 0 3 8 0 25 0 0 0
0 6 0 0 3 0 21 12 0 5 0 4 11 0 0 0 17 0 0 0 7 0 0 0 0
0 0 20 0 0 9 0 0 0 0 0 0 6 0 5 0 23 25 0 11 0 0 0 0 0
