0 1 0 0 0 0 21 0 0 0 0 0 0 0 25 0 19 0 22 0 14 0 0 24 0
6 14 0 12 7 0 0 0 17 0 5 0 23 18 0 25 10 0 9 0 0 0 0 3 4
0 0 0 0 8 0 0 1 10 12 0 0 0 13 0 17 16 0 0 0 0 23 5 25 20
0 24 0 0 13 15 0 0 0 0 0 0 0 0 0 0 5 0 0 23 18 0 0 0 0
22 0 23 17 0 0 24 0 0 0 0 0 0 16 0 0 0 0 0 0 12 11 0 0 0
7 0 12 0 16 21 0 0 24 0 0 0 0 15 0 10 1 0 0 0 20 9 0 18 19
2 0 1 0 0 0 0 12 13 0 16 0 0 0 8 0 0 4 0 0 25 6 0 23 24
11 13 0 15 0 6 0 0 0 8 0 0 1 0 0 0 22 0 24 0 0 0 0 0 0
0 19 24 0 0 0 0 0 0 0 0 0 0 23 0 6 0 0 0 0 0 0 11 13 15
0 21 0 0 23 14 0 0 0 0 24 12 0 0 10 0 0 0 0 15 0 2 0 0 5
0 0 0 0 0 23 0 13 0 0 0 0 0 0 4 14 3 0 0 9 11 0 0 0 0
0 0 14 0 0 20 0 0 0 0 0 0 25 0 15 0 0 0 0 0 0 0 0 9 0
0 0 0 0 0 25 2 0 6 0 0 14 0 0 0 0 0 0 0 0 0 0 13 0 0
8 6 0 0 0 0 0 0 5 17 0 0 0 0 0 0 0 0 4 0 0 24 0 0 0
0 0 0 0 0 0 0 0 3 0 0 21 2 5 23 0 0 0 0 0 0 17 0 0 0
0 18 0 6 0 10 0 15 21 0 25 0 14 24 0 0 0 0 0 0 0 0 9 0 7
0 0 0 0 0 0 17 0 0 0 0 9 15 1 0 0 0 7 19 0 0 0 0 10 11
10 0 25 0 0 0 0 22 0 3 13 20 0 0 17 0 0 0 0 0 0 18 0 0 16
0 0 9 0 0 0 0 11 0 24 0 0 5 0 0 0 0 8 15 10 0 3 0 0 0
0 0 8 0 0 0 5 0 0 0 0 0 22 0 3 0 25 0 0 11 13 0 0 21 0
0 0 0 0 9 16 25 0 11 0 23 0 0 0 14 3 4 0 0 8 21 0 0 0 6
12 0 22 0 0 8 4 21 0 0 15 25 6 0 0 5 9 0 20 0 0 16 2 11 0
0 0 10 8 18 13 7 0 12 0 0 0 0 0 0 0 14 0 0 0 0 0 0 1 23
0 7 0 0 0 0 18 19 0 0 8 5 20 0 0 0 15 0 0 0 9 25 0 0 0
0 0 0 21 0 0 0 0 20 23 0 0 0 2 9 0 0 0 0 0 22 4 0 0 0
