0 0 25 0 0 0 0 7 12 0 0 0 0 0 0 0 13 5 6 0 22 0 0 18 0
3 16 0 0 0 0 5 0 0 0 0 0 0 0 0 18 0 0 0 0 24 21 7 20 0
0 14 0 0 4 0 0 0 0 21 0 0 0 1 0 2 0 0 25 17 0 6 3 0 0
13 0 9 0 6 0 0 0 0 17 0 0 4 0 0 0 0 0 19 0 2 0 0 0 0
5 19 0 20 0 0 0 24 0 0 6 0 0 0 21 7 4 0 0 0 0 0 11 0 0
1 0 0 0 16 0 3 0 18 14 0 0 15 0 13 25 6 0 0 0 0 9 0 0 0
0 12 0 0 0 0 8 0 0 0 0 0 3 0 0 0 9 0 2 13 0 0 0 0 0
7 0 0 0 19 0 0 0 0 0 1 0 11 0 5 0 0 0 0 4 0 3 0 0 0
6 17 0 0 0 0 0 4 0 0 0 16 19 0 8 21 0 0 0 20 0 0 0 5 0
0 0 4 0 0 21 0 0 0 19 0 0 0 2 9 8 0 0 0 24 0 0 0 0 0
19 0 0 0 0 0 0 0 7 2 0 0 10 11 0 0 0 20 0 5 13 0 0 0 0
0 0 12 0 5 0 16 0 10 0 0 0 20 0 0 1 2 6 0 0 0 7 0 0 0
10 0 14 16 0 19 24 0 3 0 0 0 0 23 0 4 7 0 12 0 0 0 0 0 0
17 0 0 21 0 23 25 0 0 0 0 0 6 0 12 0 10 0 0 0 0 0 0 19 22
0 4 0 0 0 0 22 0 0 0 0 0 0 8 0 16 24 15 18 0 0 23 0 0 12
0 0 24 0 0 0 17 0 0 0 14 0 0 0 0 0 0 0 7 0 0 0 13 0 3
0 0 0 0 0 2 0 0 0 0 0 0 0 17 0 0 11 0 0 0 0 0 22 0 14
0 0 0 0 0 3 20 0 6 0 7 12 0 15 4 5 0 0 14 18 19 11 2 23 10
22 0 7 0 0 0 0 0 0 0 9 0 13 0 0 3 19 0 0 1 0 18 24 0 20
0 5 13 19 2 24 0 0 0 0 3 11 1 0 22 6 21 0 0 0 0 0 0 0 0
18 0 0 0 0 7 0 0 2 0 0 0 25 0 20 19 0 22 0 6 0 12 23 0 15
15 0 0 0 0 0 0 12 0 0 0 0 17 0 0 24 0 0 20 0 0 0 0 16 0
0 25 0 0 1 15 0 0 19 23 22 0 8 0 2 13 0 0 0 0 0 0 0 21 0
8 0 0 0 0 16 0 0 5 24 0 0 18 0 11 23 0 12 0 0 9 0 0 0 0
0 0 0 5 0 0 18 0 0 0 0 0 0 0 0 0 0 0 0 0 0 22 1 2 0
