0 8 11 0 0 7 0 0 0 0 0 0 15 0 0 0 0 19 3 6 0 0 5 0 0
0 0 13 0 0 0 0 19 25 0 20 0 0 18 22 0 0 0 0 0 0 0 0 0 0
0 0 0 6 0 0 0 0 0 0 24 0 0 0 4 12 21 0 0 0 0 0 0 0 0
21 0 0 7 0 15 18 12 11 6 25 0 13 0 19 23 1 0 2 0 3 0 14 8 0
23 0 0 0 0 0 0 0 0 0 0 0 12 0 0 13 0 0 16 0 2 0 4 0 0
13 11 15 0 4 0 0 0 12 3 0 0 0 0 16 0 0 0 6 0 0 5 0 0 0
0 0 0 17 6 22 0 0 16 0 4 0 0 19 0 15 0 0 0 1 0 2 0 0 8
0 1 0 0 7 24 0 0 0 0 12 2 5 0 23 11 0 10 0 0 0 0 19 0 6
0 3 0 0 0 0 10 0 4 0 11 24 1 0 0 0 0 0 0 19 0 18 17 0 0
0 0 0 19 24 0 0 1 0 0 9 17 0 15 0 0 16 0 18 0 7 13 0 0 0
0 4 0 0 14 0 25 0 18 17 0 0 0 2 10 0 20 7 0 3 0 16 0 22 0
15 0 0 0 17 0 0 0 1 0 0 0 22 0 20 0 0 0 11 0 6 0 0 0 0
0 6 8 9 0 19 0 0 0 0 14 0 7 16 24 0 0 18 0 0 0 17 0 0 12
0 0 0 20 21 0 0 0 3 0 0 0 6 23 0 0 0 9 0 12 15 14 0 0 0
22 0 0 0 0 0 12 0 0 0 0 0 0 3 0 4 6 16 0 13 0 0 0 0 1
0 0 0 0 0 25 0 0 0 0 0 6 0 13 0 0 23 0 0 0 0 0 0 17 0
0 0 5 4 11 0 0 21 0 16 0 9 20 0 0 0 0 0 0 0 0 0 24 10 14
18 0 6 0 13 0 1 0 0 10 3 0 0 4 0 0 0 0 0 0 0 0 0 5 0
0 0 0 0 0 0 8 17 0 0 18 11 0 0 0 0 0 0 0 0 4 21 0 15 2
0 25 0 0 0 0 0 4 0 14 0 22 16 5 12 0 13 0 0 17 0 0 0 7 0
0 0 0 0 0 16 17 20 0 0 22 0 24 0 0 0 0 0 0 15 0 6 7 2 4
0 0 0 12 0 0 0 0 0 0 1 0 0 6 7 0 0 0 20 0 0 19 0 16 0
6 0 0 0 0 8 0 10 13 23 0 0 0 25 5 0 0 17 0 0 21 0 0 0 0
0 0 0 24 0 0 5 9 0 0 0 0 0 0 0 0 4 0 0 0 0 0 13 0 15
0 0 0 0 0 0 0 6 0 18 0 0 14 0 0 0 0 0 0 0 0 0 0 0 0
