0 19 0 0 22 0 0 5 0 7 0 0 0 10 0 0 0 0 0 15 0 1 0 0 17
0 0 0 0 16 0 0 0 0 0 0 0 25 1 2 3 8 0 0 9 0 0 0 0 19
0 7 8 0 0 13 14 0 0 24 0 4 0 17 0 0 0 22 0 23 0 0 0 0 0
0 0 0 0 0 0 3 0 0 0 7 0 0 19 20 0 0 0 5 21 0 13 0 0 0
0 0 0 3 4 0 0 19 25 11 0 0 0 0 0 7 13 17 20 0 0 0 0 0 0
0 0 4 11 0 0 0 0 0 0 16 21 0 0 15 0 0 0 0 24 9 14 0 2 0
0 20 3 0 0 0 0 0 0 0 0 10 0 0 25 1 0 0 0 0 0 0 0 21 16
0 21 15 0 6 0 0 0 22 0 0 0 0 8 14 0 0 0 0 0 0 3 0 0 0
0 0 0 10 7 0 0 0 0 0 0 0 1 0 3 0 17 0 0 0 0 25 12 4 0
0 0 0 0 0 14 0 0 17 0 19 23 12 7 0 20 16 0 0 8 0 11 15 0 0
0 0 0 0 0 0 25 22 0 0 15 0 0 0 1 0 23 0 18 2 0 24 0 5 0
5 0 0 0 18 0 0 0 0 0 0 0 23 14 0 0 9 3 13 0 0 0 10 0 21
0 0 0 0 0 0 0 0 10 0 0 0 0 18 0 0 0 7 24 5 0 22 0 0 0
15 0 0 0 0 9 0 0 0 0 0 5 0 0 12 0 0 0 0 25 14 19 0 0 0
0 0 0 0 13 0 1 0 3 0 0 0 24 2 4 0 21 14 19 0 0 15 9 0 0
0 0 0 0 0 0 0 8 14 23 0 22 0 0 7 4 0 25 10 0 0 9 16 0 0
8 10 0 0 0 1 0 0 0 9 0 0 15 4 6 0 24 11 0 0 0 21 0 0 0
7 0 13 24 0 0 6 4 0 18 0 20 14 0 0 0 0 19 0 0 0 17 0 0 11
9 16 0 25 5 0 0 10 0 0 21 0 0 0 17 0 0 0 0 0 0 0 0 14 0
11 0 0 4 0 0 20 0 0 0 24 0 0 0 0 0 0 21 9 0 0 0 1 10 0
1 0 0 18 10 22 0 7 0 0 9 0 0 24 0 21 11 0 0 19 0 0 0 0 2
17 0 0 0 0 0 0 0 0 0 20 0 0 0 0 0 0 0 0 0 11 16 22 0 0
20 0 7 0 3 0 5 0 0 0 0 11 0 16 0 0 0 0 8 0 0 0 0 0 1
0 0 9 22 0 0 0 0 0 16 0 3 10 0 23 0 6 0 0 0 19 0 0 0 0
21 0 0 0 12 0 2 0 0 0 0 15 0 0 8 0 0 0 3 0 10 0 0 24 14
