0 0 0 3 14 17 0 19 0 20 0 22 0 0 0 0 0 0 0 0 0 0 12 0 0
0 22 24 6 0 0 0 0 0 0 0 18 4 0 0 9 0 0 0 12 1 0 3 19 0
0 0 19 0 5 0 0 0 0 0 8 0 0 0 0 0 20 0 0 3 0 6 7 21 0
0 0 0 0 0 2 3 5 0 0 12 0 0 19 0 0 0 17 0 22 0 14 0 0 25
0 0 18 0 0 4 11 0 22 0 0 0 0 0 0 0 14 0 19 24 0 0 0 0 17
0 20 0 0 0 0 0 1 11 0 0 16 0 22 25 0 19 0 5 0 0 18 21 0 10
23 0 0 19 0 5 0 0 4 0 15 0 0 6 0 0 0 10 0 0 0 17 20 0 8
25 0 0 1 0 0 16 18 10 6 0 0 5 24 21 8 0 0 15 20 0 0 0 9 0
0 0 0 22 0 0 0 0 0 8 0 2 19 1 0 0 23 0 17 0 0 0 16 0 15
0 0 21 8 0 0 22 0 3 0 13 0 0 0 17 0 25 0 0 9 23 0 1 0 0
0 23 0 0 0 0 25 0 0 0 0 0 13 0 0 0 6 14 0 0 0 0 0 0 0
8 9 6 17 0 12 13 0 2 4 16 0 0 7 11 0 0 0 0 0 0 24 23 0 0
3 0 0 0 12 1 0 7 0 22 0 0 0 0 10 16 0 0 0 0 0 0 0 0 0
0 0 14 0 1 0 0 0 0 0 0 0 0 0 0 0 0 0 23 0 16 9 0 15 0
13 0 0 0 16 0 0 0 0 0 0 0 2 8 0 0 0 0 7 15 0 1 17 0 3
24 0 0 25 0 3 0 17 0 2 11 0 0 0 0 0 4 0 0 8 0 0 0 20 0
14 0 20 0 0 0 6 0 0 7 0 19 1 17 0 0 0 0 0 0 0 12 0 0 0
0 0 0 18 0 0 24 0 0 13 0 12 0 0 6 0 0 3 0 16 0 10 5 0 23
1 4 0 0 0 0 5 9 0 0 24 0 15 0 0 22 0 0 20 0 0 0 0 0 0
22 0 0 15 0 0 0 0 20 0 0 0 0 0 4 0 0 11 0 19 0 0 0 0 0
11 0 0 0 0 7 0 0 0 0 0 13 21 9 15 5 0 4 0 0 0 25 0 0 0
0 0 0 0 0 0 1 0 17 5 10 24 0 0 23 0 0 0 0 0 0 0 0 0 0
10 0 0 21 0 0 0 0 0 3 5 17 7 0 16 0 0 0 0 23 15 0 0 0 0
15 1 0 0 0 0 0 0 0 0 6 0 0 14 0 0 0 0 0 0 0 0 0 3 0
0 18 0 0 0 15 2 0 0 0 3 0 11 0 0 0 0 0 0 0 0 21 0 4 5
