25 0 6 0 0 17 0 0 1 0 14 0 13 0 0 0 0 16 12 23 0 0 0 0 0
0 0 0 0 0 10 0 0 0 0 0 1 0 3 0 0 0 7 0 0 17 0 0 24 0
0 11 0 0 0 0 0 0 0 0 0 0 24 25 0 0 0 0 1 5 3 20 2 21 0
3 0 0 0 0 22 0 8 20 15 0 4 17 0 0 0 0 25 0 0 10 5 0 16 0
0 0 4 21 16 18 0 0 0 0 0 0 0 0 12 0 17 0 0 0 14 0 1 0 0
14 25 5 0 17 0 2 0 0 0 0 0 0 19 0 0 7 0 0 0 0 21 22 0 11
0 0 0 0 0 0 5 0 0 0 13 0 0 0 0 0 6 0 0 0 4 0 0 17 0
6 0 0 19 12 13 0 17 21 8 7 0 0 0 0 0 0 0 0 0 24 0 0 0 0
0 13 2 0 4 0 10 0 9 0 0 0 0 22 25 0 0 15 0 0 0 0 0 0 0
0 16 0 0 8 0 0 0 0 0 4 0 18 1 6 0 2 21 0 0 0 0 0 0 9
0 0 16 0 0 0 0 0 3 4 0 0 0 0 0 0 23 24 0 0 19 0 0 0 0
19 0 0 0 0 0 0 0 15 0 2 11 16 0 0 0 0 0 10 0 0 23 3 0 0
2 0 0 10 0 21 0 0 23 24 25 7 0 0 0 0 0 0 0 0 0 0 0 0 0
0 0 0 0 0 16 17 0 19 0 1 3 4 0 21 0 0 0 13 14 0 0 10 11 0
0 0 13 0 0 0 0 10 0 0 19 20 0 0 24 0 0 0 0 0 0 0 0 0 0
0 18 0 15 0 0 0 0 0 10 0 0 0 0 0 0 0 0 0 0 0 0 0 0 14
0 4 0 0 0 25 16 0 0 18 0 24 9 21 0 10 0 0 20 7 0 13 0 0 0
17 0 0 6 23 20 9 0 0 0 3 0 0 16 0 0 19 0 0 15 0 0 0 0 0
0 14 10 0 0 0 3 1 0 0 0 6 15 0 0 0 0 0 0 0 5 0 9 0 0
16 0 19 20 1 4 0 7 0 12 23 0 0 18 0 21 0 0 0 17 0 0 0 0 0
18 0 0 16 0 19 11 2 0 0 9 14 0 4 0 0 12 10 0 20 15 0 0 0 5
0 0 15 2 0 0 0 6 0 17 0 0 0 0 0 0 3 0 0 18 8 0 0 1 12
24 0 0 0 0 5 0 0 0 0 15 0 21 2 0 14 0 0 0 0 0 7 0 0 0
0 0 0 0 10 7 0 15 0 0 0 0 6 0 23 17 11 22 0 0 0 0 0 0 3
0 12 14 7 0 0 0 0 8 23 0 0 0 10 3 0 0 4 5 0 0 0 6 0 17
