17 0 19 20 21 4 0 0 0 16 0 8 0 22 24 0 0 3 9 0 5 14 0 6 15
0 0 1 9 0 0 19 0 0 0 0 0 6 12 11 0 24 0 14 0 0 16 0 0 0
0 23 0 0 0 0 5 6 0 0 13 0 15 0 0 0 0 17 0 0 1 9 0 0 0
0 8 0 0 0 0 17 0 0 0 0 0 0 0 0 0 10 20 21 0 12 0 18 0 19
0 0 0 0 5 9 0 0 0 2 17 0 0 0 0 0 0 8 0 22 0 20 0 0 24
9 0 0 0 2 0 0 0 0 0 0 0 0 17 0 0 21 19 0 0 25 18 0 0 13
13 0 0 0 0 0 0 0 18 12 24 0 16 0 5 0 0 0 0 0 19 0 0 0 0
6 0 0 0 0 0 4 7 19 0 0 0 0 20 0 0 0 0 0 18 0 0 0 0 0
0 24 0 0 11 6 0 0 0 14 0 19 0 0 0 0 0 0 0 0 0 0 4 0 0
19 12 0 21 23 0 0 0 0 0 8 0 14 18 0 0 0 1 5 0 6 0 3 0 0
0 0 3 25 0 0 0 0 0 0 18 0 0 0 19 4 0 0 0 0 15 17 0 0 0
15 0 0 19 0 17 0 11 0 0 6 4 0 0 0 0 0 0 0 0 0 0 0 0 0
11 0 10 0 0 0 22 0 0 0 0 1 0 0 0 0 5 0 0 0 0 25 14 18 0
16 0 2 0 0 0 0 0 0 0 0 22 9 0 7 0 0 0 0 6 0 0 0 0 4
0 1 0 13 0 0 7 18 0 9 0 0 20 0 3 0 0 0 0 0 0 0 0 10 6
5 14 13 0 0 0 0 0 11 0 19 0 25 15 8 24 0 4 0 0 0 0 2 0 0
0 0 23 18 12 0 0 21 0 0 5 0 0 0 14 0 0 0 0 0 0 4 0 25 0
25 16 0 15 0 0 0 0 0 18 0 6 0 0 0 20 13 0 0 0 0 0 22 0 14
0 0 0 0 0 14 12 1 0 19 0 0 0 0 0 0 0 0 22 0 0 0 0 0 0
0 0 7 0 0 16 0 8 0 20 0 0 0 0 0 18 23 21 15 0 11 0 1 0 0
1 0 0 0 0 0 0 0 0 0 0 0 5 0 0 3 0 0 0 0 0 0 0 17 0
0 22 24 0 15 1 0 19 0 0 0 0 0 0 9 21 0 0 0 0 4 6 0 0 0
10 17 0 7 0 0 0 4 0 0 20 0 0 0 18 22 0 2 0 24 0 5 11 0 21
0 0 0 6 0 0 0 22 0 0 0 12 1 0 2 9 0 0 0 0 0 0 0 3 0
21 2 0 23 19 20 0 0 3 24 0 15 0 6 0 0 11 0 13 16 8 1 0 0 22
