0 22 0 24 25 0 0 0 0 1 11 0 0 0 0 0 6 0 8 0 13 14 0 18 0
7 0 12 14 0 4 10 0 0 3 0 0 16 0 0 0 0 0 0 0 0 25 0 0 0
0 0 0 0 0 7 12 0 0 0 19 0 23 0 0 4 10 0 13 0 2 3 1 6 0
0 5 1 0 0 0 14 16 0 0 0 20 7 0 0 17 12 0 0 19 0 0 0 0 0
0 9 0 13 19 0 20 0 25 0 1 0 0 17 18 14 0 0 0 0 0 5 0 0 0
0 0 0 0 14 8 0 0 4 0 0 0 0 0 11 0 0 2 0 18 0 20 21 0 0
0 0 13 0 9 0 21 3 0 22 0 0 0 0 0 25 0 0 0 0 16 23 0 0 0
0 18 20 0 21 0 0 0 2 0 7 23 0 25 13 16 0 0 0 12 15 6 0 1 0
0 0 0 0 10 0 25 0 0 23 0 16 0 0 0 0 0 0 20 0 0 8 0 0 0
0 0 0 0 23 0 18 0 13 0 12 0 0 0 0 7 0 1 19 0 0 0 0 17 0
24 0 0 0 0 0 0 0 15 0 5 22 0 0 0 0 0 0 0 0 0 0 0 0 18
0 0 0 0 0 0 0 14 0 0 0 12 0 0 23 0 9 0 0 0 0 0 25 0 1
0 25 7 0 0 12 0 0 0 0 0 0 0 0 0 0 0 0 2 0 0 13 0 0 4
0 0 9 0 0 0 1 22 0 0 0 0 0 0 14 0 0 0 0 0 0 0 8 10 0
0 0 0 4 13 16 0 0 0 2 0 11 18 0 0 0 0 0 0 0 0 12 0 0 0
12 0 21 0 7 0 16 6 0 10 20 0 0 0 0 0 25 0 0 0 0 4 15 0 8
0 4 0 23 0 1 8 0 0 0 0 18 6 15 5 13 7 22 0 0 25 9 0 0 0
25 0 0 0 0 0 0 0 0 0 0 0 14 0 16 10 0 0 4 2 0 11 0 0 12
0 0 0 0 0 0 13 0 14 0 0 25 12 0 0 0 0 0 18 0 0 0 0 16 0
0 0 0 0 8 0 0 0 0 25 4 0 0 0 0 15 0 0 0 16 6 1 0 0 2
0 19 0 2 24 17 0 0 5 6 0 9 13 12 0 18 0 0 25 0 0 21 14 7 11
0 14 0 0 0 0 2 0 0 0 17 0 0 0 0 0 0 0 1 0 0 0 24 0 6
0 10 0 6 17 0 0 0 1 14 0 0 0 16 7 11 0 0 0 0 0 0 0 0 13
13 0 25 0 12 0 0 0 0 0 0 0 22 0 0 5 4 0 0 0 17 0 0 8 0
8 0 0 0 0 0 0 23 0 0 0 0 0 11 0 0 0 13 0 17 0 19 9 20 0
