0 22 0 0 0 10 0 16 17 0 0 12 0 5 0 0 1 0 3 8 0 0 0 0 0
0 0 0 0 14 3 0 0 0 0 0 21 22 1 2 16 0 0 11 18 0 0 0 0 23
0 0 0 19 0 15 1 0 18 22 23 0 13 0 17 0 4 0 0 0 0 0 0 0 21
0 0 0 0 0 0 0 0 0 9 0 0 0 0 0 21 0 15 17 0 24 0 10 11 0
13 0 16 0 18 0 0 7 0 0 0 0 14 9 0 23 24 0 25 20 0 0 0 0 22
0 5 0 0 0 20 2 0 1 0 0 0 0 0 0 0 0 0 0 0 0 0 24 0 0
0 18 6 8 0 0 5 9 0 0 0 13 0 10 0 0 17 0 0 0 0 2 0 0 0
0 0 0 7 0 23 18 0 0 0 0 0 0 0 0 0 22 0 0 2 19 0 25 0 16
0 20 0 0 3 0 19 0 0 0 0 2 7 16 0 0 0 0 14 0 0 0 22 23 0
0 0 0 15 0 25 0 0 0 0 0 9 0 0 11 0 0 0 18 0 0 0 0 10 0
12 16 0 0 0 1 9 0 2 0 8 0 0 0 0 0 0 0 0 10 0 0 0 3 0
0 0 2 9 0 0 11 0 0 18 16 14 0 17 0 0 0 22 23 0 10 0 0 0 0
0 17 13 0 7 5 0 22 8 19 0 3 11 12 23 0 0 25 20 15 4 0 0 0 0
18 0 0 0 0 0 25 24 10 0 0 7 0 13 22 0 19 0 0 0 11 0 14 12 0
0 11 20 0 0 13 0 14 4 23 0 0 0 0 0 0 0 0 0 17 22 0 0 0 0
0 25 7 0 0 0 17 3 0 1 0 0 0 24 5 0 15 4 0 23 21 0 0 14 19
0 0 0 0 0 0 0 0 15 5 0 0 0 0 0 0 0 0 0 0 0 0 0 13 2
0 0 1 6 0 0 0 0 16 0 2 0 20 0 3 5 0 0 9 0 0 22 0 0 0
8 0 0 0 0 0 0 0 0 0 0 18 0 0 0 0 0 0 0 3 0 6 0 7 0
5 0 0 0 0 0 24 0 0 14 6 0 0 15 13 0 2 0 0 0 0 0 20 8 0
0 7 0 0 0 0 10 0 0 6 0 0 0 0 0 0 0 0 0 0 0 0 0 25 0
0 0 0 0 0 0 14 4 0 8 0 0 0 0 0 0 0 0 0 0 1 13 0 0 6
0 0 0 0 23 17 0 0 0 12 14 0 0 6 0 0 0 1 24 0 0 16 0 0 0
0 0 0 0 1 0 3 0 0 0 0 0 0 0 0 25 0 20 0 0 0 17 19 24 0
3 0 0 16 5 0 15 0 0 24 0 20 17 0 0 2 6 0 8 0 23 0 7 0 0
