0 10 0 2 0 23 0 0 0 16 0 0 0 0 0 0 0 22 5 0 0 0 14 25 0
0 0 0 0 0 0 0 25 15 0 0 0 10 0 0 0 0 0 0 0 4 0 7 0 9
0 0 0 0 0 0 0 6 1 0 19 0 0 0 0 0 15 20 0 0 0 0 22 2 0
24 0 0 0 0 11 0 2 0 0 0 6 0 25 0 0 10 9 17 19 0 0 0 0 0
0 0 0 0 0 0 0 0 0 10 24 0 0 0 0 0 0 0 0 0 0 18 0 0 0
0 0 0 19 20 0 0 0 24 0 25 0 0 0 13 3 0 8 15 0 0 0 5 0 7
2 7 14 0 0 0 10 0 0 0 0 0 23 24 0 5 11 0 0 6 8 0 17 18 25
0 13 0 24 25 8 15 9 0 17 3 4 0 0 7 0 0 0 18 0 0 0 0 0 0
0 9 0 11 0 0 2 0 0 7 0 0 18 20 21 22 0 0 0 0 3 0 0 0 0
0 0 0 0 0 18 0 14 0 0 0 0 8 0 0 10 0 12 13 0 15 0 0 24 22
0 11 0 0 0 12 7 10 0 0 0 0 15 1 0 0 0 19 0 0 24 0 25 0 0
0 0 0 0 0 20 0 13 0 0 0 21 0 0 0 0 0 0 0 0 0 5 2 0 0
15 0 25 0 0 19 0 0 11 0 0 0 0 5 0 0 13 18 0 2 0 14 0 20 3
0 0 0 0 13 0 23 4 0 0 0 0 0 0 25 0 0 10 6 5 0 17 0 15 0
0 0 9 17 0 3 0 0 0 0 14 0 0 13 0 0 8 0 0 1 0 22 0 16 21
0 24 5 0 0 0 14 0 0 0 2 0 0 8 0 0 0 7 0 18 0 15 0 9 0
22 0 19 0 0 0 0 17 3 0 0 0 0 11 0 15 0 0 10 0 18 0 0 23 24
0 0 6 7 0 0 16 8 0 0 0 9 0 0 0 0 0 0 24 11 0 0 0 0 0
0 0 0 0 0 7 0 0 0 0 0 16 24 17 0 0 19 0 0 0 6 0 8 22 0
0 0 0 14 8 0 0 20 2 0 0 0 0 0 0 0 5 3 0 0 13 21 0 0 10
0 0 0 12 0 14 4 0 25 0 0 0 0 0 8 0 0 0 22 0 0 6 0 0 11
11 5 0 20 22 0 6 0 0 0 0 0 4 2 0 0 0 0 0 0 0 0 0 0 16
4 0 1 0 0 0 0 0 0 15 0 0 6 16 22 19 0 0 0 0 2 0 0 0 0
14 0 0 10 0 0 0 0 0 23 0 0 7 18 3 8 0 0 0 0 22 0 0 5 0
0 0 0 0 0 24 17 22 0 0 9 0 0 21 0 0 16 0 4 0 14 0 0 0 0
