0 0 0 0 0 0 0 10 2 0 15 12 0 0 0 8 11 16 17 0 4 0 0 6 0
4 0 0 0 0 0 0 0 15 0 8 0 0 0 23 9 0 0 1 0 0 0 18 0 0
13 0 14 15 0 0 18 0 0 0 0 0 0 6 0 0 0 23 24 0 0 0 0 3 0
0 1 7 0 0 0 11 0 0 0 0 18 19 0 0 2 10 13 14 0 0 0 0 22 24
10 0 0 0 18 22 23 0 0 0 1 0 0 0 0 4 5 0 7 0 0 14 0 16 0
20 23 19 0 0 6 22 0 0 0 9 0 0 12 0 0 15 25 0 8 0 0 4 0 0
0 12 0 0 0 0 0 0 0 0 13 4 8 0 15 0 2 19 0 17 24 0 0 0 0
18 0 17 21 0 24 0 0 0 11 19 0 0 0 0 10 0 0 0 0 0 0 9 0 0
14 25 0 0 0 0 0 1 0 0 0 16 0 0 17 0 4 22 0 20 0 0 0 15 0
0 0 0 6 0 3 15 0 19 2 0 0 0 0 0 0 0 14 0 0 0 0 0 11 0
0 0 0 2 15 0 19 0 0 0 0 0 0 0 6 0 9 0 8 0 21 0 0 4 10
0 0 0 0 0 0 0 0 0 14 0 0 7 0 0 0 0 0 0 0 15 0 0 5 6
23 0 0 0 0 0 0 0 0 10 0 0 20 0 0 0 6 7 0 13 0 0 14 1 0
0 0 0 0 0 0 0 0 6 23 0 0 0 0 0 18 0 0 0 0 0 20 0 7 0
7 0 0 12 13 0 3 18 0 0 0 0 15 0 0 21 0 0 22 0 23 0 0 2 9
0 9 0 0 0 0 21 25 23 22 0 6 24 20 5 0 0 0 0 0 1 0 0 0 0
0 0 0 0 0 5 0 20 0 0 23 15 0 0 0 0 13 11 12 6 0 0 0 0 0
0 0 0 0 0 2 0 6 0 0 0 0 0 0 0 0 14 21 0 0 0 25 0 19 0
0 0 0 4 0 0 0 0 7 1 10 0 17 11 0 0 0 24 0 0 0 0 0 0 0
0 0 2 3 0 0 13 0 12 15 0 14 0 8 0 0 25 0 5 0 17 0 6 23 20
2 0 0 16 7 0 0 0 0 20 0 0 12 0 0 0 0 0 0 0 0 0 22 0 0
11 21 0 0 0 0 16 0 0 0 20 0 25 0 0 0 8 0 0 0 0 23 0 0 12
0 0 0 0 0 14 6 0 9 0 0 0 0 0 0 0 0 0 0 0 0 0 0 0 0
0 3 0 0 0 25 0 7 0 0 0 8 22 10 0 0 21 0 11 0 0 16 2 24 4
24 0 0 0 12 8 1 0 0 19 14 7 18 0 21 16 23 15 0 0 0 0 0 0 0
