0 0 7 3 0 0 19 0 0 0 4 0 0 9 0 14 1 0 0 0 0 0 0 0 0
0 0 0 0 0 0 0 3 0 25 0 11 20 23 0 0 16 0 0 0 0 14 0 0 0
10 0 0 0 0 8 0 0 0 22 0 5 0 0 0 24 0 0 0 0 0 0 3 0 23
0 0 0 0 0 2 10 0 0 14 0 8 13 1 25 3 0 0 0 0 0 0 0 0 20
0 21 0 0 0 0 0 0 0 20 0 0 0 19 15 0 0 0 0 0 9 0 0 0 0
0 9 0 4 1 0 0 0 0 0 0 0 0 0 0 0 19 0 15 0 12 0 0 0 0
0 3 0 0 0 0 0 0 0 0 0 0 0 0 0 0 0 0 0 0 0 22 9 0 15
18 0 0 0 8 0 25 0 0 0 17 0 0 12 0 22 0 0 20 0 0 0 0 0 7
0 0 0 17 12 4 0 10 20 0 0 0 24 14 16 9 2 1 18 0 0 0 6 0 19
0 0 0 19 5 0 0 0 0 0 0 0 0 11 0 6 13 0 0 0 16 0 0 20 3
4 22 0 1 0 0 0 0 0 17 0 20 8 0 18 16 0 0 0 0 10 24 0 0 0
12 0 6 0 0 0 0 0 10 0 0 21 0 22 0 0 0 0 0 14 5 0 11 0 0
0 24 8 10 0 0 7 25 0 18 16 17 5 0 11 0 0 9 1 0 23 12 0 4 0
0 0 0 0 20 0 4 12 19 15 1 0 0 0 23 0 21 5 0 22 0 0 18 0 0
0 0 0 0 21 0 13 0 23 16 6 0 3 24 0 7 8 0 0 4 0 20 0 0 1
0 0 0 21 0 18 0 19 9 7 0 0 0 0 6 0 0 0 16 2 0 0 0 0 0
0 19 0 0 0 0 0 0 0 0 0 0 0 0 0 10 0 0 0 0 0 16 0 0 2
0 0 10 0 0 0 0 0 25 0 0 0 0 0 13 0 0 3 0 8 0 0 0 21 0
0 0 0 0 0 0 0 0 0 2 12 16 19 21 22 18 0 0 0 0 0 0 0 5 0
5 0 0 24 0 15 0 0 0 0 8 0 0 0 20 21 0 0 11 0 0 0 0 0 0
19 0 0 6 0 0 14 23 0 13 0 0 0 16 8 0 10 0 0 1 0 0 0 0 9
0 16 0 5 0 0 0 0 0 0 0 2 0 0 24 0 0 0 0 9 0 0 0 3 11
1 0 0 7 0 19 15 18 21 0 0 0 23 5 0 2 0 0 0 11 20 0 12 0 8
0 2 0 8 0 0 16 9 0 0 10 0 0 20 0 0 0 0 0 0 18 5 0 0 17
25 18 0 0 0 17 2 20 3 0 0 22 0 0 0 0 0 0 14 21 0 0 15 0 0
