0 0 0 18 0 0 0 24 0 0 0 0 0 9 17 0 0 15 8 0 0 1 0 0 0
15 0 0 17 1 14 0 0 0 0 6 0 10 0 0 2 16 0 0 13 21 19 0 0 20
0 20 0 0 0 0 0 2 0 21 0 8 0 0 0 4 0 1 10 0 0 7 0 0 25
0 0 0 4 0 0 8 0 0 0 0 0 16 0 0 7 0 0 0 0 0 0 18 22 0
0 11 9 13 0 20 0 0 25 19 0 4 14 0 0 5 23 0 0 0 6 10 16 0 0
0 0 10 0 0 1 16 0 3 17 0 0 0 0 9 14 0 0 0 15 0 8 0 0 0
0 0 4 0 20 0 19 0 0 0 0 0 2 22 16 0 24 0 0 0 0 21 0 7 1
0 5 0 0 0 0 25 0 2 0 24 0 0 0 0 17 0 7 0 0 0 0 0 0 0
14 0 18 11 0 0 0 15 4 0 19 0 17 0 0 0 0 12 16 0 0 0 0 0 2
0 0 0 0 0 18 5 0 0 11 12 0 1 0 0 13 0 0 0 0 4 0 14 17 0
0 0 0 0 0 9 15 0 0 0 0 0 0 0 0 0 0 0 0 0 0 0 0 0 0
5 0 24 2 0 19 12 16 0 0 25 0 0 0 0 0 0 0 0 0 7 11 0 1 0
25 0 0 0 14 24 0 17 0 0 16 9 0 0 0 0 0 0 0 11 0 0 12 0 0
23 16 0 0 9 0 0 0 0 0 0 0 0 0 0 0 0 0 15 0 0 0 2 0 0
0 0 1 19 4 0 0 0 13 0 0 11 8 6 0 0 0 24 25 0 0 0 0 0 0
19 0 0 0 0 0 14 0 0 0 2 0 0 25 7 0 0 0 0 0 0 0 20 10 0
0 0 0 0 0 0 24 22 0 0 0 0 5 0 0 0 0 0 0 0 0 16 0 13 0
0 14 0 9 0 0 0 0 0 0 3 0 0 0 0 0 0 0 0 0 0 25 0 15 8
0 6 0 0 5 25 21 0 8 0 0 0 0 15 19 0 11 17 0 24 0 0 7 0 14
0 0 0 10 8 0 11 0 0 0 0 0 0 12 0 0 0 21 0 25 0 0 0 0 0
0 0 0 22 23 3 18 0 0 0 9 0 19 0 0 21 4 0 0 0 0 24 0 11 0
0 12 0 0 17 2 23 0 0 0 0 0 0 0 4 22 9 16 14 0 0 18 19 0 0
2 4 0 1 0 0 0 0 0 16 18 3 20 0 0 23 0 0 17 5 0 9 0 14 0
10 0 19 0 0 4 0 12 1 0 17 0 13 23 0 0 15 0 2 0 8 0 0 16 0
0 0 5 0 24 13 0 19 0 0 0 10 0 0 12 0 0 0 18 0 0 0 0 0 0
