0 16 0 0 0 0 21 0 12 0 0 0 0 15 9 19 0 0 0 6 24 0 0 10 1
0 5 0 10 0 22 6 0 16 0 0 13 7 0 0 24 0 0 0 17 0 0 23 0 0
18 0 20 21 0 0 0 0 0 0 22 0 24 1 0 0 0 9 0 0 16 0 0 0 0
0 12 0 0 7 0 0 18 10 17 8 0 0 0 23 0 0 0 1 0 0 3 0 0 0
0 2 23 0 0 3 0 0 4 1 0 0 0 0 0 10 7 0 13 0 6 0 0 18 0
5 0 0 0 0 8 0 16 0 0 0 22 0 6 0 0 0 25 0 0 17 0 0 0 3
0 0 0 0 0 0 0 0 5 23 0 0 0 0 0 0 0 19 16 0 0 2 0 0 0
15 0 11 0 0 4 0 17 13 0 0 1 0 2 0 0 0 0 14 7 0 6 21 0 0
0 20 0 0 9 0 0 2 0 21 0 0 12 11 0 13 0 0 0 0 23 0 22 0 0
16 0 12 4 24 0 0 0 0 0 23 0 0 0 0 2 22 0 0 0 1 0 13 0 0
0 4 0 13 0 0 0 0 6 0 0 0 0 24 0 0 3 5 8 0 0 0 0 17 18
0 0 5 0 0 9 0 0 2 0 18 19 0 23 0 0 16 0 0 0 0 0 6 0 0
0 7 0 0 0 0 17 0 0 0 0 0 1 0 0 11 0 13 19 14 8 0 0 0 0
0 8 16 0 0 5 0 0 0 0 0 0 0 0 0 0 0 0 18 0 13 0 19 0 24
0 22 21 0 0 1 3 0 14 0 15 0 8 17 13 0 0 0 25 20 0 11 2 0 0
6 13 4 2 0 14 0 0 0 0 0 0 0 0 8 22 0 0 23 19 0 0 3 0 0
0 0 0 0 16 2 20 0 19 0 1 0 0 0 17 0 0 0 0 0 0 0 0 0 0
0 0 0 9 0 0 0 0 3 0 0 0 5 0 22 6 14 0 24 0 0 10 18 0 0
0 0 0 3 22 15 0 21 0 5 0 0 0 0 0 0 11 0 0 0 14 0 0 0 0
12 0 0 0 0 17 13 0 18 0 0 0 10 16 0 0 0 3 15 0 0 0 0 0 0
0 6 0 0 4 0 0 0 0 0 9 0 18 7 3 20 0 0 0 25 0 13 0 16 0
2 9 0 0 13 0 8 25 0 0 0 0 0 0 11 0 0 0 0 0 18 19 5 0 0
0 0 8 12 14 0 2 0 17 0 16 0 0 0 0 0 9 0 4 0 0 22 0 20 0
0 0 25 0 0 0 0 0 0 0 0 0 0 0 0 14 0 12 0 0 0 0 4 0 0
0 0 0 0 23 11 0 0 0 14 0 0 0 0 19 0 0 0 0 0 0 0 0 9 6
