0 0 0 4 0 0 0 12 22 0 16 17 18 0 0 0 0 0 0 14 1 0 0 0 15
0 17 0 19 0 0 0 9 0 0 8 10 0 0 25 0 15 0 0 0 0 14 23 0 22
0 0 0 9 12 0 0 23 24 0 0 0 3 0 0 0 0 0 0 18 2 0 0 0 0
6 2 0 0 0 1 0 0 0 0 5 0 0 21 0 23 0 0 0 0 0 0 0 0 0
3 0 0 0 0 0 0 0 0 19 0 0 0 0 20 0 0 0 0 21 0 0 0 9 24
0 0 7 8 0 0 0 0 13 0 0 4 0 9 10 0 0 0 0 0 0 3 0 0 0
0 0 0 0 11 0 0 0 0 0 0 0 12 0 0 7 8 0 19 0 0 0 0 0 13
0 0 0 25 16 0 9 5 0 0 0 8 0 15 0 0 0 0 0 0 0 0 0 0 12
0 18 0 3 13 0 0 17 0 24 11 0 0 25 2 1 4 0 10 12 0 0 15 0 0
0 10 0 23 17 0 0 1 0 0 0 0 14 0 0 0 0 24 25 0 0 2 0 0 0
0 0 0 24 0 0 22 21 20 0 18 0 0 0 9 0 7 0 16 0 0 0 0 0 17
0 7 22 0 0 0 19 24 17 0 0 0 16 3 0 0 0 4 0 0 0 0 0 14 0
0 0 0 0 0 7 0 4 11 0 0 0 8 0 12 0 19 2 0 0 0 20 0 0 16
0 4 0 0 0 2 0 16 8 0 25 0 0 7 0 0 0 0 0 11 0 0 0 24 0
0 0 0 20 2 0 0 18 9 5 0 19 0 22 0 15 23 0 24 0 4 13 0 0 0
0 6 0 0 0 9 0 0 0 1 0 25 19 0 0 0 0 0 0 0 0 0 0 0 0
0 19 0 0 1 0 0 0 21 0 0 0 0 0 0 17 0 0 5 8 16 0 18 0 6
4 0 0 16 9 17 0 25 3 0 6 0 0 18 7 0 11 0 0 10 0 0 0 12 0
24 0 0 0 0 0 13 0 0 0 9 0 1 0 0 0 0 15 0 0 0 22 0 0 0
11 0 0 0 10 6 18 0 12 0 15 0 22 0 0 0 21 0 3 0 0 8 9 1 2
2 16 0 0 0 0 0 0 4 18 0 0 6 0 5 14 10 0 0 3 0 0 1 0 0
19 0 0 6 0 0 0 0 0 0 0 0 0 0 0 20 1 11 15 0 0 0 0 17 21
0 0 9 0 0 19 0 20 0 0 4 3 0 0 8 0 0 12 17 0 0 0 0 0 10
0 0 0 0 8 0 7 0 0 9 0 0 0 16 0 24 0 0 0 0 0 0 14 0 0
0 11 0 0 7 0 6 22 0 0 0 0 10 1 0 0 0 19 0 0 0 0 13 0 8
