0 0 0 0 0 0 20 11 0 0 6 0 4 0 0 1 0 22 24 25 0 0 12 18 0
0 0 0 0 22 0 1 2 0 0 23 0 0 14 0 0 0 15 0 0 0 10 0 0 13
0 1 0 24 0 13 0 5 0 0 0 0 0 0 0 21 0 0 0 0 2 0 0 19 16
0 0 0 5 14 0 0 9 0 0 0 0 11 0 0 0 13 0 3 0 22 25 0 24 23
0 0 0 0 0 0 0 0 0 0 0 0 0 0 0 0 0 0 16 19 0 0 5 0 20
0 17 0 0 7 0 0 0 0 0 19 0 6 0 0 0 21 0 0 0 23 9 0 0 1
0 0 0 0 0 0 0 0 0 0 0 22 5 0 0 0 17 0 0 0 0 0 0 8 0
0 11 0 0 0 0 0 0 0 19 12 7 0 0 18 0 0 13 15 0 0 16 0 10 0
15 20 0 23 0 16 0 0 0 0 0 0 0 0 25 0 8 0 0 0 0 0 0 0 0
6 0 0 1 0 0 7 0 0 0 0 4 0 0 0 5 0 0 0 23 25 0 0 0 0
14 5 0 0 8 2 17 22 0 0 3 0 7 0 0 0 0 0 12 0 0 0 13 0 21
0 0 0 0 0 0 0 8 0 0 4 0 0 0 0 0 15 0 0 0 0 24 2 23 0
0 16 0 0 0 0 0 0 0 0 24 8 21 2 17 22 18 0 0 14 19 5 7 1 0
0 23 22 0 0 21 25 0 0 1 0 0 12 0 0 19 0 24 8 0 0 0 0 4 17
0 0 0 0 0 7 0 0 0 20 0 0 0 0 14 23 0 2 0 6 8 0 0 0 0
10 0 0 0 0 0 0 0 25 0 11 21 0 13 1 0 0 0 0 0 0 18 0 15 0
11 0 0 0 0 5 0 21 0 3 0 0 10 0 0 0 16 0 1 24 13 0 0 0 0
24 12 0 0 13 0 15 0 1 11 0 17 0 0 0 20 0 0 0 0 0 0 23 0 0
0 14 0 0 0 12 2 24 4 0 7 0 18 0 0 0 0 0 0 0 6 0 0 0 0
0 0 0 22 0 18 0 20 8 0 14 16 0 0 0 11 0 0 9 0 5 0 19 3 12
12 0 0 9 0 0 0 14 20 0 0 0 16 0 3 13 0 0 0 0 0 0 0 0 0
0 0 11 0 19 0 0 0 9 22 0 0 14 0 0 2 0 0 10 0 0 0 0 16 15
5 0 0 7 20 0 3 4 0 0 0 0 0 24 0 16 9 0 22 0 12 13 8 6 0
16 0 3 0 0 11 0 0 0 0 0 23 20 0 21 0 0 8 0 0 0 0 1 0 5
0 0 21 8 17 1 0 0 0 0 22 0 0 0 0 0 0 5 0 0 0 20 0 0 0
