0 4 25 13 0 20 0 21 0 0 23 0 8 22 0 0 0 0 0 0 0 24 0 16 9
14 19 10 0 0 0 23 0 0 1 25 0 0 0 0 7 0 0 0 0 3 2 0 0 0
18 23 0 1 0 5 0 15 0 0 16 0 0 0 0 0 0 0 0 22 8 0 6 0 13
0 0 0 0 0 0 0 24 25 7 10 0 3 0 0 0 11 0 0 13 19 4 23 0 17
0 6 2 0 0 8 0 0 10 0 0 12 0 0 0 0 0 4 0 25 20 0 14 22 0
0 0 0 14 21 4 0 0 0 0 0 0 0 19 0 2 1 16 0 18 0 0 17 0 25
2 3 0 0 0 0 22 0 0 0 5 0 0 16 0 0 0 17 4 0 0 0 8 0 14
0 9 0 22 0 0 0 0 19 20 0 0 0 12 0 0 5 14 8 21 0 0 0 18 23
0 7 19 5 0 0 12 16 0 0 0 17 0 0 0 0 0 0 0 0 0 0 0 3 22
0 16 0 0 23 11 13 0 0 15 0 2 0 0 9 25 0 0 7 24 4 0 0 20 0
0 5 0 0 0 0 0 0 0 8 0 0 25 21 0 0 0 0 0 0 22 0 0 9 0
0 0 3 0 0 23 24 0 0 0 0 16 14 0 0 20 0 0 0 0 13 0 21 17 0
9 0 0 10 0 17 0 20 1 0 0 3 7 0 0 0 13 0 15 5 0 0 12 0 0
0 0 0 0 0 0 0 0 0 0 12 0 0 0 0 22 14 0 17 0 0 0 0 0 0
0 0 12 19 0 0 0 0 21 0 0 0 0 0 0 24 0 0 0 0 0 0 0 5 4
0 25 0 0 0 0 0 0 20 12 0 0 0 0 23 0 0 0 0 0 0 5 24 8 15
0 0 0 0 2 0 0 0 0 16 0 19 0 0 6 10 0 0 0 7 0 0 0 0 0
0 0 0 9 10 0 0 0 5 0 0 0 0 25 1 8 0 0 16 0 0 3 0 0 19
3 0 0 0 0 0 0 0 17 21 0 7 0 0 0 0 22 0 23 1 0 0 25 0 16
0 0 0 0 0 0 0 11 0 0 3 0 0 0 0 0 24 19 0 0 0 21 9 0 1
0 0 9 2 0 0 0 0 0 0 0 0 0 0 0 0 0 0 5 8 0 0 0 0 0
23 14 0 0 0 3 21 4 0 0 13 25 0 0 16 0 15 0 20 0 0 0 1 0 0
0 0 0 3 0 0 0 0 2 0 21 0 0 0 0 0 0 13 0 12 9 0 4 0 0
11 0 4 0 0 0 0 0 0 18 0 9 12 17 0 0 25 0 0 0 0 0 13 0 0
0 21 8 0 0 0 11 0 0 0 0 0 5 0 0 0 3 0 0 16 0 17 0 0 0
