0 8 0 9 0 0 22 23 0 10 0 2 6 0 0 0 15 17 18 0 0 0 12 0 0
0 0 0 0 0 4 0 0 0 0 0 0 11 0 0 0 0 0 0 0 0 0 0 16 0
0 0 23 0 0 0 0 7 13 20 0 0 0 0 0 9 0 0 0 10 0 0 0 0 15
0 0 0 0 0 0 0 0 0 0 0 0 0 0 25 1 4 0 0 0 21 0 18 0 0
14 16 0 0 7 11 0 0 19 0 4 0 0 13 0 0 0 23 0 0 1 2 3 0 10
0 0 21 0 0 7 18 4 10 0 0 14 25 0 17 5 0 0 0 0 0 24 0 23 0
23 0 0 0 0 0 19 0 0 13 0 0 0 24 0 6 0 0 0 0 0 0 25 0 0
0 17 0 0 0 0 16 14 0 0 0 0 0 0 0 0 0 15 10 0 0 0 1 0 0
19 0 0 0 8 0 21 15 0 12 16 0 0 0 0 0 0 22 0 23 3 9 0 7 0
16 13 0 0 5 1 0 0 0 0 0 9 0 0 23 0 0 0 12 25 0 10 0 0 2
0 0 0 15 0 0 2 17 0 0 0 12 0 22 9 11 0 0 0 5 0 0 10 0 3
9 6 0 17 2 0 23 0 0 14 0 0 0 0 0 0 0 0 0 3 0 12 0 0 0
20 0 0 0 0 0 0 0 3 0 2 0 7 0 14 0 0 0 0 0 0 0 0 25 5
21 0 0 0 0 0 4 0 16 0 0 0 0 0 0 0 0 0 0 1 22 20 0 24 0
0 7 0 0 0 20 10 0 5 0 0 0 21 0 0 0 0 0 17 12 0 18 0 14 0
7 0 10 0 0 0 0 8 23 11 0 0 0 0 0 0 0 0 6 0 0 0 2 4 0
4 0 0 0 1 0 17 10 14 0 0 13 0 0 0 8 0 7 0 20 23 0 0 5 21
11 0 0 0 0 9 0 0 0 7 6 21 0 4 0 24 14 0 0 0 0 0 0 0 0
0 0 0 0 13 6 25 0 0 1 0 0 22 15 0 18 5 0 0 0 0 3 0 0 0
0 0 0 0 0 3 0 0 0 0 0 25 0 14 8 13 0 0 22 16 11 0 0 0 0
3 21 0 2 0 0 20 0 8 9 23 0 13 0 10 17 12 0 0 0 16 4 0 6 0
17 0 0 7 0 0 13 16 0 0 0 1 0 0 0 21 0 0 5 0 10 0 19 0 0
0 0 0 0 0 10 0 0 0 0 24 0 9 0 0 0 0 0 0 0 0 0 21 0 0
24 18 0 6 0 0 0 3 0 17 0 15 0 0 0 0 0 0 4 0 0 0 0 20 0
0 4 11 0 16 0 7 0 0 0 0 8 17 0 0 0 0 1 0 9 18 0 0 0 12
