0 0 13 15 0 0 16 0 0 20 0 3 6 0 23 4 0 0 0 0 0 0 0 24 9
0 0 0 2 4 0 0 14 1 0 0 0 17 0 0 0 0 0 25 18 0 0 23 0 12
16 18 19 0 0 0 4 0 0 0 13 0 25 0 0 15 0 0 0 17 0 0 0 21 0
0 0 0 0 0 18 0 0 23 25 9 10 0 19 8 0 0 0 0 0 4 0 0 14 6
0 0 9 0 21 0 10 0 0 0 1 0 0 18 0 0 0 0 12 0 15 16 0 25 0
15 0 0 0 22 0 0 0 0 0 17 0 0 0 16 0 2 21 9 0 0 25 12 10 0
0 0 0 0 0 0 0 0 0 0 10 22 23 0 1 25 12 19 0 0 0 0 0 0 0
0 24 0 0 0 0 12 0 0 5 20 0 0 8 0 14 13 18 11 0 0 0 16 17 0
0 0 2 13 19 22 0 9 0 0 0 0 0 0 12 0 0 0 0 0 0 0 0 7 21
0 0 0 0 0 23 0 0 0 0 0 0 0 15 9 0 0 0 4 0 0 0 2 0 20
0 0 0 0 5 0 0 23 0 0 0 2 0 10 0 0 0 0 6 0 0 0 0 0 0
24 0 0 0 0 3 18 0 9 0 0 0 0 6 21 10 25 0 0 0 0 1 0 0 13
0 0 20 0 0 0 6 19 4 24 0 9 12 0 0 0 0 2 0 0 25 7 3 0 23
0 0 0 0 0 11 0 0 10 0 14 18 0 0 0 0 0 0 24 0 0 4 0 0 0
0 0 0 17 0 0 2 25 12 0 0 1 0 0 11 7 16 0 22 0 0 0 10 0 15
0 19 0 11 0 0 9 0 0 0 0 0 0 0 0 21 0 0 0 4 0 0 7 5 0
0 0 0 0 0 21 0 13 0 0 0 0 22 20 3 0 10 0 0 9 0 23 0 0 25
20 0 0 0 10 25 0 12 0 23 0 0 4 0 0 0 24 13 0 0 0 21 17 3 0
0 0 14 0 0 1 0 0 0 0 0 8 0 25 5 6 0 0 0 0 0 0 0 0 0
0 0 24 25 0 16 0 4 8 0 0 0 0 12 0 0 20 5 19 0 0 0 0 0 0
0 0 0 0 0 0 0 0 0 9 0 23 21 0 0 0 0 0 0 0 0 0 0 0 0
0 2 7 0 0 0 0 15 0 4 0 6 0 13 18 0 8 14 0 0 0 0 0 0 10
13 0 0 4 14 7 5 0 17 0 0 0 0 0 0 0 0 1 0 21 0 0 25 0 0
0 0 0 0 16 13 23 8 0 0 0 0 0 9 0 2 0 24 15 0 0 0 1 0 0
0 0 0 0 0 10 3 0 0 1 0 0 0 0 19 23 0 0 0 0 0 0 9 0 14
