0 0 0 0 23 0 0 0 0 0 19 0 24 14 25 2 0 0 3 0 9 0 17 0 0
0 1 0 0 0 0 12 0 3 0 8 11 9 13 0 0 0 18 0 25 0 0 16 0 0
0 0 0 0 0 8 0 0 0 0 0 4 0 7 0 0 0 16 0 23 0 0 12 15 0
0 0 0 0 0 0 0 4 10 0 0 0 0 0 3 0 0 0 0 0 6 0 0 0 0
0 0 8 0 0 0 25 0 14 23 0 0 0 0 21 0 0 0 0 0 4 0 0 1 24
0 0 0 11 14 0 0 0 0 0 0 0 16 0 0 17 0 25 21 9 0 0 0 6 0
21 0 12 8 0 0 3 17 0 0 4 0 0 0 6 0 0 0 7 19 15 0 0 0 25
6 0 15 0 7 0 5 19 0 0 0 20 0 0 17 0 0 0 0 22 24 4 18 13 14
0 0 25 17 0 0 0 0 23 0 0 0 0 0 0 0 11 0 0 16 20 0 22 0 9
9 0 5 0 0 4 8 24 0 7 3 0 0 0 0 0 10 2 18 0 0 0 0 0 21
0 0 7 0 0 0 2 3 0 0 0 0 0 0 0 0 0 0 0 13 0 0 0 0 0
0 23 10 25 0 0 0 7 16 0 0 3 11 0 0 19 0 0 8 0 0 21 0 0 0
8 0 0 0 0 0 0 0 0 6 0 0 0 0 0 0 0 0 0 17 0 2 25 0 0
0 0 20 3 0 0 0 0 12 0 0 25 0 6 0 0 0 23 0 0 11 0 0 0 0
17 11 0 0 13 0 0 0 0 24 5 0 0 4 0 0 0 0 0 1 0 9 0 0 19
24 0 0 0 0 0 0 8 0 0 20 9 15 11 0 0 0 14 0 21 1 0 4 0 3
19 0 21 0 0 0 0 0 0 12 0 0 23 0 4 0 0 0 0 20 13 0 24 0 0
7 6 0 0 0 0 0 0 21 10 0 0 0 0 0 12 23 0 25 0 0 11 8 0 0
0 16 11 14 0 0 7 0 0 0 0 1 0 0 13 9 0 0 0 0 0 12 0 17 15
0 0 23 0 8 3 0 14 0 0 0 0 12 0 0 24 0 0 0 0 21 25 0 0 10
0 0 13 10 0 0 0 1 5 4 11 0 20 0 0 0 0 0 0 0 0 0 0 0 0
12 0 0 0 19 24 11 0 17 0 0 0 0 0 1 0 0 0 0 0 10 18 0 0 0
3 0 24 0 1 25 20 10 0 2 7 0 0 0 14 0 0 0 0 0 0 0 13 0 0
18 0 0 0 0 0 0 12 0 8 0 0 0 3 0 0 0 7 0 0 0 1 23 0 0
0 5 0 0 0 0 0 13 0 0 10 0 17 0 0 15 0 12 19 18 2 0 0 8 0
