0 0 0 0 0 4 5 0 24 0 12 7 0 0 0 10 0 0 0 3 14 0 0 16 0
9 10 0 5 0 0 1 2 8 3 0 18 0 0 25 16 12 0 0 0 0 0 0 21 0
0 0 0 0 24 15 0 0 0 0 1 0 0 10 0 0 0 0 22 0 0 0 0 25 13
11 0 16 0 0 18 19 0 0 22 5 6 15 0 4 0 7 0 0 0 2 3 0 0 0
0 0 1 0 6 0 12 0 0 0 0 20 21 0 0 0 0 0 0 18 0 0 0 5 0
20 5 8 0 0 0 0 23 0 15 7 0 0 11 0 1 19 0 0 0 0 0 0 14 0
0 0 18 0 0 16 0 9 3 0 19 0 0 0 21 5 20 23 0 0 12 4 0 0 0
21 0 0 9 0 0 0 7 13 20 0 15 0 25 0 14 0 18 0 16 0 0 5 0 0
0 25 0 23 11 0 0 0 0 0 0 0 0 0 0 0 3 12 9 0 0 0 0 0 20
16 12 0 0 0 0 14 19 0 18 2 0 0 0 0 0 17 0 6 15 0 0 0 0 23
17 0 0 15 0 9 6 3 23 4 0 0 25 0 12 0 0 0 0 0 21 0 0 0 0
0 0 6 0 0 0 0 0 0 0 0 0 1 0 0 3 0 0 0 0 0 22 4 10 5
0 0 0 0 0 0 22 0 0 0 0 0 0 5 0 0 14 6 0 0 0 0 0 0 0
0 0 0 0 0 0 0 0 0 0 0 0 0 6 13 0 0 0 12 0 17 0 0 0 0
25 0 0 0 0 20 17 0 18 0 0 0 0 0 0 0 10 0 0 0 0 0 0 8 0
10 0 0 0 0 0 0 0 0 0 0 3 2 0 0 0 0 0 0 0 5 1 6 0 11
0 0 0 0 16 0 0 0 5 14 0 25 0 0 0 17 0 0 0 12 22 7 0 0 15
0 0 24 0 12 0 0 0 0 0 0 0 0 0 0 15 23 0 0 0 0 0 0 0 0
0 18 25 22 0 0 23 0 0 0 15 0 0 19 0 0 0 0 3 0 0 0 12 4 21
0 0 14 0 0 0 20 0 15 0 0 0 0 21 6 0 2 0 0 0 0 10 16 0 25
0 3 0 7 0 0 0 0 0 0 0 0 6 0 0 19 0 20 2 0 24 0 0 1 0
0 0 2 0 14 0 10 15 4 17 23 1 0 3 0 24 0 0 0 0 0 20 22 9 12
12 0 0 0 19 0 0 8 1 0 25 0 0 0 0 0 0 4 0 17 15 0 0 0 18
15 0 17 11 20 0 0 25 16 0 0 5 0 0 0 0 0 0 0 10 0 0 21 0 0
0 24 0 0 21 23 0 0 0 0 10 0 0 9 0 0 0 11 0 0 0 5 0 0 0
