0 0 0 0 0 22 0 0 0 0 0 5 0 6 0 0 0 0 0 0 1 0 7 0 0
0 0 0 0 0 7 8 0 12 0 0 0 18 0 0 0 0 0 5 0 0 0 20 21 11
3 0 7 0 9 0 0 0 17 0 0 0 0 24 25 20 0 11 22 0 0 0 12 14 6
0 0 10 0 0 0 18 0 0 0 3 0 12 0 0 7 0 8 0 0 0 0 0 0 0
0 0 0 0 22 0 3 4 0 0 0 0 0 0 0 0 9 0 16 0 0 18 25 24 19
0 0 0 2 0 0 7 20 0 0 0 0 0 0 0 3 0 13 0 0 16 0 18 0 0
0 0 17 0 0 0 0 0 4 0 13 18 0 7 0 15 0 0 0 0 0 0 10 9 0
11 16 0 13 0 0 9 10 0 0 20 19 0 0 0 22 18 0 0 0 0 0 1 0 0
15 0 0 0 0 17 0 13 0 0 0 12 16 0 6 0 11 0 23 0 0 3 0 0 22
0 0 0 4 0 0 0 0 18 0 0 22 17 0 0 0 6 16 0 0 0 11 0 0 0
0 0 6 0 0 2 0 0 0 14 0 0 0 0 0 16 0 0 0 0 0 4 0 13 0
0 0 0 0 1 0 0 0 0 0 0 4 0 8 24 0 10 21 9 6 0 0 16 12 18
0 0 0 0 0 0 0 23 16 17 10 0 0 18 0 0 0 19 0 0 0 0 0 0 0
5 15 0 0 0 0 0 7 22 18 0 6 0 0 0 25 0 17 1 0 0 0 0 11 0
13 0 3 0 0 0 0 0 0 19 0 0 0 12 17 0 8 0 0 0 10 0 0 0 23
0 19 0 0 14 18 13 0 0 0 0 0 0 0 12 8 0 5 0 0 0 0 0 0 0
0 0 4 0 23 0 0 0 0 5 22 0 6 0 0 2 15 0 0 7 11 0 0 25 0
2 5 12 0 0 0 0 0 15 7 0 17 19 0 0 13 0 0 0 0 0 0 21 3 0
0 0 0 0 0 24 11 2 0 4 0 0 0 0 8 19 17 0 21 0 0 0 15 1 0
21 0 16 0 0 0 0 0 9 0 0 0 0 2 0 4 0 0 0 10 0 0 0 0 0
0 0 2 0 0 5 0 0 0 22 12 0 20 0 14 0 16 6 4 0 0 0 0 0 0
0 14 11 19 0 13 0 17 0 0 0 24 4 0 18 5 0 9 15 0 3 0 0 0 1
17 3 0 16 0 0 0 0 0 23 0 0 7 22 0 21 25 0 0 0 12 8 0 20 0
0 0 0 25 0 0 0 0 0 0 0 0 0 0 0 0 0 0 3 0 19 0 0 0 9
24 0 5 0 0 0 0 0 21 0 0 8 0 0 10 0 20 0 12 0 0 7 11 0 17
