0 0 0 5 0 0 19 0 0 20 0 0 23 0 0 12 0 0 0 18 0 0 3 14 0
0 0 0 0 0 0 6 0 23 0 8 2 0 0 0 0 0 0 0 14 0 0 1 0 19
0 12 13 14 0 0 18 0 0 0 11 0 0 9 0 0 0 0 1 0 8 23 4 0 20
8 0 0 0 25 0 13 0 0 0 0 0 0 0 20 0 0 6 9 0 11 0 5 7 0
0 0 0 0 0 0 9 0 0 0 0 15 0 19 0 10 20 0 0 0 12 0 0 18 0
0 0 5 25 0 0 22 0 0 0 23 0 0 0 0 0 0 0 0 0 0 0 0 0 6
0 0 17 0 0 0 0 0 14 0 0 16 0 0 15 6 21 0 22 0 23 0 0 0 0
0 0 0 1 0 0 0 10 0 0 0 0 0 2 5 20 3 0 18 0 0 13 17 9 0
0 0 0 0 0 17 23 0 0 2 0 0 10 3 0 1 0 0 12 0 0 0 19 0 0
0 0 0 3 6 12 0 0 0 0 17 20 1 0 14 0 0 0 0 0 0 18 0 8 0
0 0 0 0 0 0 0 25 7 0 16 4 0 0 0 0 12 0 15 0 5 17 0 0 18
0 0 0 0 17 0 4 24 10 0 5 0 0 0 0 25 0 20 0 0 1 7 8 0 0
0 4 0 0 0 9 5 13 0 0 0 6 0 0 0 0 22 0 0 0 0 19 0 11 0
0 0 0 0 0 0 0 17 0 0 0 19 0 0 0 11 5 18 0 0 3 12 0 0 14
5 0 0 0 1 3 2 0 0 0 0 25 0 0 0 4 0 0 6 0 0 22 21 0 0
0 0 18 0 12 0 24 0 0 5 0 0 0 0 0 8 6 0 11 0 0 0 0 19 2
0 0 0 0 0 0 14 0 0 0 0 21 11 0 24 18 9 7 0 0 0 1 0 0 4
0 0 0 6 14 0 0 0 0 3 15 0 13 8 0 0 0 22 2 24 0 0 0 0 0
0 5 0 0 10 13 8 0 15 21 0 0 2 0 0 0 0 1 4 0 0 0 0 0 0
0 0 0 0 4 0 0 0 20 0 12 0 3 0 19 16 14 0 0 0 0 0 0 0 0
0 0 16 0 0 0 0 12 18 0 20 0 15 0 21 0 10 0 0 0 4 0 2 0 0
2 0 0 0 0 0 0 0 0 10 9 0 0 0 0 0 0 3 14 4 0 0 7 0 0
14 0 0 13 11 7 0 23 0 0 0 0 0 0 2 0 0 0 20 0 0 15 0 24 8
0 17 0 19 5 0 15 0 13 1 0 0 0 0 6 0 0 0 0 0 0 0 0 0 3
0 1 12 4 0 0 0 0 0 6 0 5 17 0 0 0 18 0 0 0 0 21 16 25 0
