0 0 0 16 0 0 0 0 0 0 0 0 9 0 0 25 0 0 0 0 0 0 0 12 0
22 24 0 0 0 0 13 0 0 8 20 0 2 3 0 0 19 0 0 0 16 0 0 0 5
0 0 0 1 6 21 25 5 0 2 11 17 0 22 16 20 23 0 0 0 15 0 9 0 14
0 12 2 0 0 0 0 0 23 16 0 0 5 0 18 0 0 0 0 22 0 0 0 0 0
0 8 13 19 0 17 0 0 0 0 0 6 7 25 0 0 0 0 18 0 22 0 0 0 4
20 0 16 4 8 10 21 0 7 13 2 0 22 0 0 0 0 0 0 0 0 0 12 9 0
1 0 0 0 13 0 8 15 0 0 0 3 23 0 7 0 22 0 11 0 10 0 0 0 0
0 14 0 0 7 0 17 9 0 0 13 0 16 11 0 0 0 0 0 0 0 0 3 0 0
0 0 0 2 0 0 22 6 12 1 0 24 0 14 0 0 4 0 0 0 0 7 0 0 17
0 0 5 0 0 0 2 11 16 3 0 1 0 0 9 0 18 13 0 12 0 0 0 14 0
0 20 0 0 0 0 24 0 0 0 16 0 11 5 0 8 0 12 0 4 0 0 0 0 18
2 0 0 0 0 0 12 0 0 23 0 7 0 0 0 0 0 25 14 0 0 21 0 0 24
14 0 0 0 0 13 0 19 0 22 0 0 0 0 0 3 0 18 0 0 0 0 8 0 0
12 0 0 7 0 0 0 0 0 0 0 0 0 0 24 6 0 0 0 0 0 0 0 0 0
0 10 11 8 0 0 16 0 0 0 0 0 0 0 0 0 0 0 23 0 0 0 0 0 19
0 21 0 0 0 16 9 0 0 0 3 0 14 0 0 0 0 0 0 18 0 0 0 0 0
0 22 20 0 0 23 10 0 25 4 0 0 0 0 19 0 24 7 0 0 14 0 2 0 0
0 0 0 3 0 0 0 0 0 18 7 0 0 0 0 0 0 0 0 0 0 0 0 5 0
17 0 0 18 0 3 0 21 0 24 0 9 0 0 0 12 15 0 25 0 0 0 0 13 0
0 2 0 9 0 0 0 0 17 0 0 0 0 0 0 1 0 21 5 0 0 12 18 15 0
13 0 22 0 12 0 0 0 0 0 0 11 3 0 0 0 0 0 0 14 0 17 23 0 8
0 25 23 0 0 19 0 0 0 0 0 13 0 0 0 4 0 0 24 0 21 18 0 6 0
21 0 0 0 0 0 0 0 2 17 4 0 0 0 0 0 13 0 8 0 0 0 0 24 0
0 0 0 0 0 0 0 0 13 11 0 16 0 0 0 0 25 0 0 23 9 0 14 0 3
0 7 0 17 0 0 6 0 0 0 0 22 0 0 21 18 0 0 0 5 0 0 16 0 13
