0 0 0 0 0 0 0 0 0 0 24 0 4 25 5 21 0 0 12 0 0 0 1 0 3
0 0 0 0 0 0 0 23 14 0 0 12 16 0 8 0 0 0 25 0 0 0 0 5 6
0 0 6 8 0 7 11 0 0 21 3 0 1 0 19 0 0 0 0 0 0 22 0 0 0
0 12 0 0 0 0 0 0 0 0 10 0 22 13 0 0 0 0 0 18 0 0 0 0 0
0 0 1 23 3 0 0 0 2 0 7 0 0 0 0 0 0 0 0 5 21 0 0 0 19
5 0 0 0 0 17 19 0 0 22 0 24 15 0 0 13 0 0 4 12 0 0 3 0 0
0 0 0 24 0 0 0 8 13 0 1 18 19 0 0 0 0 0 0 0 0 0 0 0 10
0 0 0 16 0 3 0 0 12 23 0 0 5 0 0 0 0 0 24 25 13 19 0 0 0
0 0 20 0 0 15 0 0 0 25 0 3 7 0 0 0 8 9 0 23 5 0 0 0 0
0 0 2 0 12 4 0 0 5 0 0 13 0 0 17 19 0 0 0 15 0 24 0 0 0
0 0 0 0 0 0 0 25 17 0 0 0 0 12 4 0 0 0 0 10 0 8 0 0 0
0 0 4 0 0 0 0 0 0 0 25 0 23 17 0 0 0 0 0 0 0 10 0 0 0
15 25 0 14 23 20 0 0 10 0 0 21 18 0 13 0 16 0 9 2 3 0 19 0 0
21 0 12 0 0 0 5 0 18 0 0 0 6 0 0 23 0 0 15 0 0 0 0 0 4
0 0 0 0 0 1 13 0 0 0 22 0 0 15 0 0 0 4 0 19 16 0 21 0 2
8 22 14 0 6 0 0 21 0 0 0 10 0 0 0 11 0 17 0 0 0 0 0 0 0
12 0 0 10 0 14 15 19 0 0 0 0 24 0 0 0 0 18 7 8 17 3 0 0 11
18 0 21 1 0 0 0 13 0 9 0 25 0 7 0 0 4 0 0 0 0 0 22 10 0
0 0 0 0 0 12 0 0 0 0 0 0 13 0 11 0 19 6 21 22 23 0 0 14 0
7 17 0 0 0 0 0 0 22 2 0 0 8 1 0 5 0 0 13 14 0 0 0 4 0
23 0 11 0 0 22 0 5 20 0 0 0 25 24 0 0 0 0 0 0 1 0 0 0 0
0 20 0 0 13 0 0 1 0 0 14 0 21 23 0 0 0 0 0 0 7 0 0 0 0
0 0 16 0 19 0 25 0 0 0 0 0 20 0 3 0 0 0 1 0 0 0 0 0 0
0 0 0 9 0 0 0 0 19 8 0 1 10 0 0 14 5 0 0 0 0 20 15 0 0
0 1 0 0 10 0 0 0 0 16 0 0 0 2 15 0 12 7 0 0 14 21 0 0 24
