21 25 7 0 0 0 0 0 0 0 0 0 0 1 0 0 0 11 0 0 0 0 0 17 12
16 0 9 0 0 0 0 0 0 1 0 0 0 0 0 0 0 18 0 0 2 25 0 19 0
6 13 0 0 0 0 0 16 0 2 11 21 25 0 0 0 0 0 12 0 0 10 0 8 0
0 0 2 0 0 0 0 24 12 8 0 18 15 0 0 0 19 9 0 6 0 20 23 0 0
0 0 24 0 0 0 17 14 5 11 0 2 12 0 0 13 0 0 0 0 0 0 0 0 0
0 7 0 0 0 10 0 0 24 0 1 0 13 0 5 0 0 0 15 0 17 0 0 0 0
0 0 0 0 0 0 0 0 0 16 0 0 0 22 0 0 0 25 0 0 0 1 0 0 4
0 0 0 0 0 0 0 0 0 19 0 4 9 0 25 20 21 0 0 0 6 0 8 0 0
0 18 19 0 0 0 0 6 0 0 14 15 16 0 0 0 0 0 0 0 0 0 22 23 0
0 2 0 24 0 0 0 17 20 21 0 0 10 0 0 0 0 6 0 1 0 11 13 0 0
20 22 0 10 19 0 0 8 0 0 24 25 11 0 0 2 14 15 0 7 0 5 6 0 0
18 6 11 0 7 14 0 0 0 0 0 0 0 0 0 0 0 0 0 8 0 0 16 0 0
0 1 21 0 0 13 24 25 0 22 0 5 0 0 0 0 0 0 0 0 12 19 0 18 0
0 23 0 12 0 0 6 19 0 0 0 0 0 0 0 0 0 17 0 0 0 0 10 0 0
14 3 0 0 16 0 0 12 2 18 0 9 0 0 0 0 0 19 0 0 8 17 4 11 0
0 4 0 0 0 0 15 0 0 0 0 13 0 21 9 0 0 20 0 0 23 22 25 0 0
25 0 3 0 0 0 16 0 0 0 0 17 23 10 4 0 0 21 7 12 15 0 20 0 19
5 0 0 0 0 0 0 0 0 10 0 0 0 3 24 4 0 0 11 0 0 0 0 14 8
0 9 0 0 0 0 0 0 0 0 25 0 8 0 0 0 0 0 0 0 10 0 0 1 0
15 17 0 23 0 0 0 9 0 0 0 14 0 19 0 0 0 0 0 0 0 0 0 2 0
17 21 0 0 1 0 0 5 0 0 22 0 0 0 0 7 8 0 0 11 0 0 0 0 0
0 0 10 19 0 21 0 0 0 0 0 7 3 0 17 0 0 0 13 0 0 0 15 25 18
23 0 0 0 0 0 0 0 0 0 0 11 0 0 0 12 17 5 20 15 0 0 9 21 0
0 0 0 0 6 0 0 22 17 0 0 0 0 0 20 0 10 0 0 0 0 0 0 0 0
0 0 20 0 0 0 0 0 0 23 0 0 0 15 0 22 6 0 0 0 3 14 0 4 0
