0 21 22 4 0 0 0 0 0 9 10 11 12 0 0 0 0 0 0 0 1 2 0 16 0
0 0 0 0 0 4 0 14 0 0 0 0 0 25 0 0 9 0 0 0 10 0 12 24 18
0 0 0 0 5 0 0 0 0 0 8 9 0 18 0 1 2 0 0 23 0 6 7 0 0
0 0 0 24 25 15 16 20 23 10 2 3 4 0 0 0 0 0 14 0 0 0 0 21 0
0 9 0 0 12 0 2 0 18 24 0 7 0 19 20 6 0 17 0 0 0 0 0 0 0
23 0 0 17 1 0 15 0 0 12 0 0 9 0 10 0 0 0 11 2 16 0 0 0 14
0 0 0 0 0 2 0 4 0 5 0 0 0 0 6 16 0 0 0 0 0 0 0 0 0
5 0 0 0 0 18 20 0 3 8 24 0 0 0 0 0 1 21 0 0 22 4 0 0 2
21 0 16 0 0 22 0 0 1 0 0 0 0 17 12 0 19 0 0 0 0 0 18 0 7
0 20 0 19 0 0 0 0 0 14 0 0 0 0 0 17 6 12 25 24 3 0 23 0 5
0 0 0 0 20 0 0 0 0 0 14 0 0 2 0 0 23 0 0 0 0 0 25 0 0
0 6 0 0 0 0 0 0 0 1 0 0 20 4 18 0 0 0 0 0 23 0 14 0 0
3 22 23 0 0 20 5 2 0 13 0 0 1 0 0 0 0 0 15 0 0 7 0 0 0
0 0 0 0 0 24 3 0 0 0 0 0 0 15 23 0 0 25 0 0 0 5 0 0 6
0 0 0 21 0 0 0 0 14 0 0 0 0 0 0 11 16 2 0 0 0 0 4 0 0
4 0 0 0 0 7 0 12 0 0 18 0 0 0 0 0 0 0 23 0 25 16 0 0 0
0 0 0 0 0 0 0 0 5 0 12 15 6 0 4 0 0 19 0 0 7 0 0 1 0
10 23 0 0 0 0 0 0 2 0 19 16 0 0 0 12 5 0 0 0 20 22 0 0 0
7 5 0 0 19 0 14 0 0 0 0 0 0 22 9 15 8 0 0 0 0 0 0 0 0
0 0 0 0 0 0 0 0 4 17 0 21 0 0 0 0 3 0 7 0 12 0 0 0 0
0 0 0 13 0 0 0 23 0 0 0 0 0 0 0 14 0 7 19 0 0 25 0 20 0
0 2 9 0 0 14 22 0 0 0 0 23 8 0 0 21 0 0 1 17 0 12 0 0 0
0 19 7 0 17 0 11 18 0 0 0 12 0 0 0 0 13 0 2 3 0 23 0 5 0
0 12 5 0 0 0 0 19 0 0 0 24 0 14 17 25 0 0 0 16 8 18 0 0 0
0 0 0 0 0 0 0 0 6 0 3 0 0 0 22 8 0 0 0 0 14 0 0 0 13
