21 0 0 0 7 0 0 0 4 19 9 23 0 0 0 22 0 6 0 13 1 0 2 11 3
0 0 0 0 0 18 0 0 0 7 22 19 10 16 0 17 0 0 15 0 0 0 13 0 0
0 0 0 23 0 9 0 0 0 0 6 8 0 0 11 0 0 1 18 5 15 22 0 0 17
17 24 0 0 0 0 0 0 0 0 12 0 3 0 20 21 0 19 0 0 0 0 0 0 0
15 0 13 16 22 0 0 0 6 0 17 0 0 0 0 0 25 0 0 20 4 0 8 0 0
0 0 8 0 0 19 20 0 0 23 0 0 1 5 0 0 0 0 17 18 0 0 0 0 21
1 0 0 0 0 0 0 6 0 5 0 0 18 15 0 0 0 0 0 10 0 0 0 0 0
0 0 0 0 0 0 18 0 24 0 3 0 4 6 0 0 8 11 0 22 17 0 0 20 0
3 0 0 17 0 0 0 0 0 0 8 0 0 21 23 7 0 20 2 0 0 0 0 0 0
0 0 0 18 0 12 15 0 17 0 2 0 0 0 22 0 0 0 21 0 19 7 14 9 0
0 2 23 0 0 13 0 0 0 0 18 0 21 0 10 0 14 17 0 0 0 11 0 0 0
0 25 0 0 11 0 0 0 12 18 0 4 0 0 0 0 0 13 0 0 22 0 17 0 8
0 1 15 7 0 20 6 0 0 22 0 14 0 0 5 23 0 0 24 0 0 0 18 0 0
5 0 0 0 0 0 0 0 0 10 0 3 0 0 0 8 0 0 0 1 0 0 0 0 0
0 6 0 10 0 0 0 0 23 0 11 0 0 0 0 0 0 0 20 0 0 0 0 0 5
12 0 2 24 0 23 0 0 5 9 0 0 0 0 0 0 0 21 0 0 11 0 0 0 0
0 0 0 6 1 0 3 0 0 0 23 0 0 0 0 0 20 0 0 14 0 12 0 0 0
23 0 0 0 15 6 0 0 0 0 13 16 0 0 0 0 0 0 0 0 0 0 0 0 0
0 21 19 0 0 0 0 0 8 0 0 0 0 11 3 0 10 0 6 0 0 0 0 0 0
20 4 5 0 0 0 2 0 0 0 0 21 0 0 0 0 0 8 0 0 14 0 0 23 0
0 0 18 0 0 0 0 0 0 0 21 5 0 0 0 0 0 0 0 0 0 1 0 0 13
7 0 0 0 0 0 9 0 20 13 0 0 0 0 0 0 12 0 3 0 0 0 0 0 15
0 0 0 0 0 0 16 0 0 0 4 0 0 0 12 0 1 0 0 15 0 5 21 0 25
0 17 12 0 0 4 21 0 1 15 16 0 20 0 0 0 5 0 7 25 0 0 0 14 0
0 0 0 0 0 5 0 0 0 0 10 6 0 3 15 20 21 2 11 4 0 0 24 0 12
