17 0 0 0 0 0 0 0 0 25 5 1 9 0 0 12 0 0 0 0 2 10 3 0 0
0 1 7 0 0 0 0 13 16 4 14 2 0 0 0 0 5 21 0 0 23 0 18 0 0
2 0 0 0 0 14 0 0 20 21 0 0 17 0 0 0 0 0 10 0 0 22 0 0 0
12 13 14 0 0 0 0 0 0 9 22 0 0 0 0 0 0 0 0 0 0 19 0 0 21
4 0 0 0 0 0 0 0 0 0 25 0 21 0 0 0 20 0 0 0 0 0 13 0 0
18 17 0 4 0 25 0 0 0 20 0 0 0 0 21 0 2 0 22 0 0 8 12 0 0
0 0 1 0 6 2 0 18 0 0 0 0 0 0 0 0 0 0 0 17 0 0 0 0 10
16 0 0 0 24 3 6 0 0 0 12 0 0 2 0 0 0 0 0 0 0 15 0 0 0
10 0 0 7 0 17 0 0 0 0 0 22 18 16 0 0 1 0 0 0 0 0 9 6 0
0 14 0 0 0 0 0 9 0 0 17 25 0 0 0 16 0 0 6 21 0 0 1 2 0
22 23 0 0 0 0 0 5 4 17 6 0 0 0 0 0 25 19 0 0 16 2 7 15 0
0 0 17 11 0 18 13 0 0 23 0 5 0 20 0 0 0 24 15 0 0 3 0 0 0
1 0 0 0 0 0 25 0 0 0 0 0 0 22 0 0 21 0 0 16 0 0 24 0 0
0 8 0 0 0 0 0 0 0 10 0 0 0 0 0 0 9 1 2 0 0 11 14 0 0
9 4 2 0 15 16 0 0 0 0 19 24 0 25 0 17 0 23 0 11 0 1 0 0 12
14 0 0 10 0 0 0 0 7 0 0 17 13 5 0 3 0 16 0 0 24 0 0 0 0
19 15 20 0 13 0 0 25 0 0 0 0 0 0 1 0 0 0 0 0 0 16 0 0 3
0 24 0 0 0 0 0 4 0 0 0 0 23 0 7 0 14 0 0 0 0 21 0 0 0
7 0 21 0 22 0 0 0 8 0 0 0 24 0 12 0 10 0 18 0 0 0 0 0 0
5 0 0 1 0 23 11 3 18 12 0 0 25 0 14 0 0 0 0 0 10 0 22 0 0
0 0 16 0 0 0 8 0 0 0 3 0 0 0 0 0 0 12 0 0 22 20 0 21 0
0 25 0 0 10 0 17 0 0 6 1 0 2 0 9 21 22 0 0 0 12 23 0 0 0
0 0 0 12 0 0 0 21 0 13 10 0 11 0 0 0 0 0 25 5 0 7 0 3 9
0 7 0 17 1 0 0 16 10 18 0 0 5 21 0 0 0 11 0 0 0 0 2 0 0
0 0 0 0 0 9 0 0 0 19 0 0 0 0 25 0 0 0 1 0 0 0 0 0 17
