0 0 0 0 7 14 17 24 0 11 0 0 0 21 15 5 0 0 12 3 0 8 0 0 0
0 11 3 0 8 2 0 0 0 0 0 0 0 0 0 0 0 0 0 0 0 0 5 0 0
16 23 24 0 2 7 0 6 0 12 0 0 4 0 0 9 0 0 0 0 21 0 0 0 0
0 15 0 0 21 0 0 0 23 0 0 18 14 2 0 0 25 0 0 22 24 20 0 4 0
0 0 0 0 19 0 0 0 22 0 0 0 0 24 0 0 0 0 8 4 0 0 0 0 0
0 17 0 0 0 0 0 10 0 7 0 4 8 0 0 0 14 0 0 0 2 0 0 0 0
9 0 0 0 25 4 0 0 0 0 14 0 0 0 0 6 0 13 21 0 0 0 16 0 22
0 0 15 0 0 0 0 22 0 0 0 0 13 6 0 0 0 0 9 0 0 0 17 0 0
3 0 0 1 4 0 0 0 0 0 0 0 0 0 0 15 0 17 18 20 0 0 7 12 0
0 0 10 12 22 3 15 0 21 23 0 0 18 0 24 0 4 0 19 11 0 0 8 0 0
0 0 0 0 5 0 10 19 3 0 0 0 0 0 18 20 0 4 0 0 0 6 0 7 8
2 22 0 18 10 0 1 20 4 16 0 0 0 0 0 0 0 0 0 7 0 14 9 0 0
0 0 21 0 0 0 0 0 0 0 0 0 1 5 12 0 18 15 0 2 0 0 0 16 0
8 6 0 0 0 0 0 2 0 0 0 0 0 10 0 21 1 0 5 17 0 0 0 0 0
0 0 0 0 0 0 24 0 5 0 6 0 0 8 0 0 0 0 3 0 0 0 13 0 0
0 0 0 20 0 0 23 0 10 0 4 24 0 7 0 0 5 0 0 0 0 0 0 9 3
15 0 23 0 0 0 25 0 0 0 0 0 5 19 0 8 0 7 1 6 13 0 0 10 0
0 16 0 2 12 0 0 7 0 0 0 0 0 11 0 0 0 0 10 0 0 0 0 0 0
0 0 6 0 0 13 0 5 0 0 21 0 0 15 0 0 0 0 0 19 7 0 0 0 0
0 19 0 8 0 0 0 11 0 0 9 0 10 12 0 0 13 0 16 21 0 25 0 17 5
0 0 0 0 0 0 19 4 0 0 0 0 20 0 0 0 24 0 15 8 0 0 0 0 0
0 8 16 11 0 0 21 0 0 0 13 0 2 0 19 0 0 6 0 5 18 0 0 3 4
0 0 18 0 0 0 0 0 0 10 22 0 0 0 0 0 3 0 20 0 19 0 25 5 6
0 0 0 9 0 23 0 0 0 0 24 0 0 0 0 0 0 0 2 18 0 0 0 8 0
0 0 2 19 0 0 0 0 0 0 0 0 0 18 0 0 17 0 11 0 0 0 0 0 21
