12 14 0 0 23 0 0 0 5 11 0 0 0 0 15 0 19 0 9 0 16 0 0 0 0
0 0 17 0 0 21 0 0 0 10 0 0 0 0 7 8 0 0 11 0 22 9 0 0 3
0 0 0 0 1 0 0 17 0 0 0 4 0 9 10 0 20 0 24 0 21 0 19 0 0
3 0 0 0 0 0 0 16 0 0 0 11 0 19 0 15 17 0 0 0 0 0 0 14 0
0 10 0 18 0 7 12 0 0 19 0 17 0 0 0 0 2 3 4 0 25 0 0 0 6
0 21 0 4 17 0 0 0 0 25 0 0 0 23 13 0 0 22 6 9 2 0 0 0 14
0 0 0 14 0 0 0 2 0 0 0 0 0 0 8 23 0 0 0 0 0 0 0 0 0
22 23 0 0 0 0 13 1 3 0 0 0 0 17 0 5 7 12 19 0 0 0 0 0 0
0 0 0 0 0 0 17 23 14 0 0 7 20 0 0 0 21 10 0 0 0 0 24 0 0
0 2 10 8 0 0 0 20 0 21 0 0 0 0 0 0 15 1 0 0 19 13 25 0 0
0 0 0 0 0 0 0 0 24 0 0 0 23 7 0 17 4 0 10 0 0 0 2 1 0
0 0 0 0 0 0 0 0 0 0 0 0 2 20 17 0 0 24 0 0 14 21 0 0 0
0 0 2 0 4 20 19 0 0 0 0 0 9 0 0 21 0 0 3 0 15 0 0 0 10
0 0 3 24 7 0 0 12 0 8 0 10 0 21 0 0 0 0 0 0 0 0 11 9 0
0 0 0 0 0 0 0 0 0 7 0 0 0 0 14 0 0 0 13 0 23 0 0 0 12
0 17 0 0 0 0 20 0 0 0 0 0 19 0 11 9 0 16 0 0 0 5 6 0 0
0 0 0 0 0 25 16 0 0 0 4 0 0 0 0 0 11 5 0 0 0 0 15 24 0
0 0 18 2 19 5 0 0 0 0 0 0 0 0 0 0 25 4 0 0 0 0 0 0 11
20 24 0 11 25 0 0 14 7 0 5 0 0 0 6 0 0 0 0 0 12 18 23 19 0
5 0 16 0 0 18 0 0 23 0 0 14 0 0 0 19 0 7 0 0 0 0 0 0 0
16 0 0 0 0 8 0 21 0 0 14 0 6 15 12 0 10 0 20 0 0 2 0 11 0
1 7 0 15 6 0 0 0 0 0 0 18 0 0 24 0 23 0 12 0 9 3 0 0 0
0 4 0 0 11 17 0 0 0 24 0 0 0 3 0 2 5 0 16 7 0 15 0 0 0
0 0 24 5 0 0 0 15 0 0 0 0 0 0 0 0 6 8 21 18 0 0 0 0 23
0 0 8 0 2 0 7 0 12 0 0 0 0 10 0 0 0 11 0 0 6 0 0 0 24
