0 0 5 8 0 0 0 0 0 0 0 4 12 13 0 0 23 24 0 0 2 0 0 0 0
2 1 0 0 0 0 0 0 0 14 0 0 0 11 0 10 0 13 0 0 0 15 22 0 0
0 0 0 0 0 6 0 23 0 4 0 2 3 0 10 15 0 0 0 0 0 16 0 14 0
0 0 0 0 25 0 0 7 0 0 0 0 19 20 0 0 3 0 0 0 0 0 23 0 11
6 9 11 0 0 0 0 0 15 3 17 0 0 0 24 5 7 8 0 21 0 0 0 20 0
0 0 0 0 0 0 0 0 0 0 0 0 0 19 0 0 0 17 9 0 11 0 0 13 0
0 12 1 16 0 0 0 3 0 0 0 0 10 0 6 21 0 0 0 0 19 0 4 0 7
0 0 0 0 13 0 0 0 0 10 0 17 0 0 11 0 0 0 0 7 22 12 0 16 0
0 17 2 0 0 0 11 0 0 0 0 0 7 0 15 4 0 0 0 0 23 21 0 0 0
10 4 0 22 0 0 2 0 19 0 0 0 9 0 0 6 5 11 0 0 0 0 0 0 18
0 0 0 0 8 0 10 6 0 0 3 0 0 16 19 0 13 0 0 23 1 0 0 24 0
0 0 0 0 0 15 0 0 0 0 0 0 0 8 0 0 17 14 0 0 5 4 12 0 0
0 0 13 0 0 23 24 11 0 9 0 0 0 25 0 0 20 0 0 0 0 8 0 19 0
0 0 0 0 0 0 14 0 7 0 11 0 0 0 0 0 0 0 0 0 0 20 0 9 0
15 10 6 0 0 0 0 0 0 19 0 14 4 0 22 16 9 0 1 3 0 25 0 0 23
0 0 0 0 0 25 20 0 13 0 8 15 0 9 2 0 0 0 0 0 21 0 0 0 0
0 0 0 0 19 18 0 0 0 0 0 0 0 22 0 23 4 16 2 17 0 0 0 6 25
0 25 9 0 0 0 23 0 10 0 0 19 0 0 0 0 0 0 0 5 0 22 0 8 0
0 0 3 13 0 14 12 0 0 0 0 0 0 0 0 0 0 15 0 0 0 0 0 2 0
0 0 0 6 0 0 0 19 0 0 16 0 0 0 0 14 0 12 0 22 0 23 0 0 24
17 0 12 0 0 0 7 10 0 25 14 22 0 6 9 19 0 5 0 18 0 0 11 0 0
13 0 0 0 5 12 0 9 0 0 0 0 0 0 0 0 25 0 0 15 0 0 0 0 0
19 20 14 23 0 17 0 0 21 0 0 0 0 7 0 9 0 0 0 0 16 5 0 0 0
0 21 25 0 0 4 0 0 0 0 0 0 0 0 0 0 2 22 0 0 24 0 19 0 0
0 11 0 0 0 0 0 0 2 0 0 0 0 1 16 17 14 0 0 12 0 0 0 25 0
