2 4 0 8 9 0 0 19 3 17 0 10 0 12 0 0 0 23 0 0 0 0 0 0 0
12 0 0 0 0 2 0 0 0 0 0 0 0 7 0 0 0 0 20 0 23 8 0 0 0
0 15 0 0 24 0 0 22 12 0 0 0 20 21 0 5 0 0 0 9 1 4 0 0 0
0 1 0 21 0 0 0 25 0 18 0 0 0 23 0 2 0 12 0 0 7 0 0 17 0
0 0 0 0 14 4 24 20 0 0 0 2 0 9 17 13 0 0 0 0 0 0 22 0 0
0 19 0 0 0 6 3 14 0 0 0 0 0 0 13 20 8 21 7 0 9 0 0 2 0
22 0 9 0 0 0 0 0 7 10 8 0 0 0 21 0 0 0 0 1 0 13 24 23 4
4 0 0 24 13 0 0 8 11 0 0 0 0 0 0 10 0 0 9 0 0 21 15 0 0
0 7 0 6 0 0 0 0 2 0 0 18 0 0 0 19 0 15 5 0 0 0 3 0 25
0 0 0 15 0 0 0 0 24 0 14 9 0 0 0 0 12 4 0 0 0 0 0 20 0
0 23 0 0 0 0 12 0 0 0 0 25 17 0 10 0 0 0 8 0 16 2 0 0 0
17 0 0 0 10 19 0 0 0 0 11 0 9 4 0 0 0 0 0 0 0 0 0 0 0
0 0 13 0 4 3 17 9 0 6 18 0 0 22 2 0 0 5 0 0 19 0 0 0 8
15 21 0 0 0 0 0 0 1 23 7 13 5 0 0 0 3 0 0 0 0 0 0 0 12
0 0 0 0 0 0 0 0 0 0 0 12 0 0 0 0 0 20 17 0 4 5 1 0 0
0 0 4 0 0 0 18 1 0 0 25 0 21 0 0 8 10 0 0 0 0 22 0 0 0
7 0 0 0 0 0 20 6 0 0 0 0 0 0 23 0 2 24 0 0 15 0 0 0 18
0 10 23 0 0 0 0 0 21 11 19 0 12 0 0 0 0 0 0 0 0 0 0 14 0
1 0 2 17 0 14 0 24 22 12 0 0 0 0 0 0 0 13 0 19 0 0 0 0 5
0 11 0 0 0 17 16 0 25 4 0 5 24 0 0 0 0 0 0 0 0 0 0 12 13
25 0 0 0 7 0 0 0 0 0 0 0 0 16 0 0 0 1 0 0 0 20 14 0 0
23 14 5 0 0 0 10 0 0 0 0 0 0 0 22 0 0 0 0 0 0 0 0 4 1
20 0 6 19 0 0 0 0 0 1 0 0 10 0 0 0 5 0 4 0 0 25 0 0 9
0 0 0 4 0 24 0 0 18 9 0 0 0 0 0 0 19 17 0 0 0 0 0 0 2
9 0 0 13 0 0 21 0 0 19 4 0 0 17 0 0 0 10 0 14 3 0 8 0 0
