0 17 4 18 22 23 3 0 8 9 0 11 0 25 0 0 0 0 0 20 13 0 0 0 0
0 0 14 16 19 0 0 0 20 0 6 13 3 4 5 0 0 0 2 9 17 0 0 0 23
2 1 0 0 0 14 0 17 0 0 0 21 0 23 0 3 10 0 0 0 0 8 0 0 0
0 0 0 0 25 1 0 0 10 2 9 0 0 0 0 0 22 18 14 23 3 0 12 0 0
3 0 0 0 0 4 0 0 0 0 2 0 8 1 14 15 0 24 16 0 0 0 0 19 0
0 22 0 0 7 0 13 10 0 0 4 0 9 0 0 14 15 0 0 0 0 0 0 0 19
0 0 0 0 0 20 6 0 0 0 0 0 2 16 10 0 11 3 0 0 4 9 0 12 0
0 0 0 5 0 0 0 0 0 4 0 15 0 0 0 0 0 9 0 0 0 0 0 10 25
6 0 17 0 10 0 0 0 0 0 0 0 0 0 0 20 0 0 0 0 0 0 0 0 0
4 15 0 19 9 3 22 12 0 23 0 0 20 14 0 0 0 5 0 0 0 0 0 0 21
0 0 0 3 0 22 0 14 0 11 0 10 0 0 0 0 16 0 18 0 0 0 0 0 0
0 0 0 0 0 0 17 0 3 0 0 0 14 0 0 24 0 0 0 0 25 7 8 0 0
0 11 0 0 0 0 24 0 0 13 17 0 0 0 0 8 0 25 0 0 0 0 0 20 0
17 21 13 0 14 6 0 16 0 0 20 19 11 0 0 0 0 15 0 0 0 0 22 3 0
0 0 0 25 0 0 0 0 0 20 23 3 0 0 0 0 6 0 0 13 12 0 2 0 17
18 0 0 0 3 0 0 0 0 0 11 23 1 0 0 0 0 4 17 0 0 0 0 0 0
0 0 0 0 0 0 0 0 13 0 12 0 0 0 0 0 0 0 0 0 0 0 0 0 24
0 2 0 0 0 0 0 0 4 0 0 5 0 0 0 0 13 22 0 6 0 0 0 0 3
0 0 24 0 0 0 21 0 0 0 14 0 25 0 0 23 0 19 0 0 0 0 0 0 0
25 5 0 0 6 0 8 0 0 0 0 17 0 22 0 16 0 0 0 3 0 20 0 4 0
0 9 1 6 16 12 0 0 0 0 0 14 0 0 7 0 20 0 22 24 18 25 3 0 0
0 0 2 0 0 0 0 0 0 0 0 0 15 3 0 11 0 0 0 5 20 0 16 0 0
0 0 0 12 5 0 20 0 0 0 18 0 23 0 0 19 4 0 7 0 0 0 0 0 0
0 19 25 8 0 0 0 23 0 0 22 1 0 0 11 9 0 0 0 0 0 0 4 17 0
21 0 0 0 0 0 11 0 0 0 0 0 0 0 0 0 0 6 0 0 0 0 0 0 12
