0 15 0 0 0 0 0 0 10 0 0 0 0 0 4 0 23 5 0 13 0 0 11 0 0
0 0 25 0 0 13 0 0 0 0 0 0 21 0 0 8 17 20 0 0 19 23 0 0 0
0 18 8 0 10 0 0 23 11 0 0 0 0 22 0 25 0 0 2 0 0 0 20 0 0
0 0 19 0 0 18 0 0 0 15 3 0 11 0 0 0 0 0 0 22 0 0 0 13 21
0 0 0 13 0 25 0 8 14 17 0 16 0 1 0 0 0 10 24 0 0 0 0 22 0
0 9 10 1 4 12 14 13 0 0 20 0 0 24 0 0 0 15 0 0 3 0 23 8 0
11 0 3 22 0 0 16 0 19 0 10 0 0 9 0 0 0 0 0 23 20 13 24 0 18
0 0 0 0 0 0 0 0 5 0 0 0 0 6 0 0 0 0 14 0 9 15 0 0 11
0 7 0 0 0 0 0 0 0 4 11 0 0 0 0 0 9 0 22 0 0 0 0 0 19
0 0 0 0 0 0 9 0 0 11 17 0 0 0 0 1 2 0 0 0 0 0 7 0 0
0 20 0 0 15 0 0 14 0 0 0 4 24 0 11 0 0 0 19 0 0 12 0 0 0
25 0 0 0 13 0 11 0 6 0 0 5 7 19 21 0 0 0 0 0 0 0 0 23 0
0 0 0 0 5 0 19 20 15 0 0 8 12 0 0 0 0 23 0 0 0 0 0 0 16
0 8 0 0 0 0 12 0 17 0 0 20 0 15 22 0 7 0 0 5 0 0 13 0 0
0 0 4 0 0 0 0 25 22 0 0 17 0 0 0 0 0 0 0 0 0 6 2 0 0
10 0 0 0 2 7 0 0 1 12 24 0 0 4 9 0 0 0 23 0 0 16 0 0 0
22 14 0 19 0 0 0 0 4 0 0 0 6 0 0 0 0 0 0 9 0 1 0 20 0
4 0 0 5 0 0 0 6 0 0 0 23 0 0 0 0 15 0 0 0 0 0 10 19 0
0 0 24 0 9 0 25 0 0 0 15 0 0 7 0 0 0 0 0 0 0 0 0 5 0
0 0 13 6 17 0 0 21 0 20 5 0 0 14 19 0 0 22 0 18 0 9 0 0 0
0 0 0 0 0 15 0 7 16 0 0 0 9 18 0 4 0 25 13 3 0 0 12 0 0
0 0 1 0 0 0 0 11 9 0 0 0 0 0 0 0 0 0 12 10 0 0 5 0 0
0 25 18 4 0 20 1 0 0 22 6 0 0 0 0 0 11 0 9 0 0 7 19 16 0
0 0 0 0 22 0 0 0 0 0 4 11 0 0 0 19 16 14 21 0 18 10 0 0 1
0 0 16 11 0 8 0 0 0 0 0 19 0 0 0 5 24 0 0 0 0 0 6 9 0
