0 17 0 0 0 2 20 0 24 25 0 10 1 0 0 0 5 6 14 0 0 0 23 8 9
22 19 0 0 0 0 0 14 0 0 0 0 0 0 8 0 0 0 21 12 0 0 0 2 0
0 0 13 14 0 0 5 0 0 0 2 0 0 0 0 0 0 0 0 0 0 0 0 0 0
5 0 0 0 3 0 0 0 0 23 0 0 20 0 0 0 1 7 0 0 13 0 0 0 0
16 0 0 20 0 0 9 0 0 0 0 0 17 0 11 0 0 0 0 23 0 0 0 5 0
0 0 0 22 0 19 0 0 0 0 0 12 0 0 0 0 0 25 0 11 0 10 0 13 16
12 0 24 25 13 0 0 0 11 2 0 0 10 0 21 0 0 0 5 0 3 0 0 0 17
4 0 0 3 2 16 15 0 22 0 0 0 0 1 17 21 13 0 10 0 0 12 0 0 19
0 5 0 0 19 3 23 24 0 13 0 11 0 0 15 1 2 0 20 0 0 14 4 0 0
21 15 0 0 0 0 0 5 0 0 0 0 2 0 0 0 3 0 17 6 0 18 7 0 0
0 21 14 0 0 0 0 23 15 0 0 0 0 0 0 0 25 3 0 13 0 0 11 1 4
0 0 0 0 11 0 0 19 0 0 25 0 0 0 0 0 0 0 0 0 15 5 10 0 7
25 0 15 0 10 0 0 0 0 4 7 0 0 0 22 0 0 9 0 0 21 0 0 0 0
0 0 18 0 0 0 0 0 0 12 0 9 0 0 0 0 0 21 0 0 0 0 13 0 25
0 0 3 0 0 25 0 0 0 8 15 13 0 0 5 0 20 0 0 0 0 9 0 18 0
10 0 0 0 0 0 19 25 0 20 0 17 0 0 0 0 0 0 15 0 6 0 9 4 0
2 24 21 4 0 0 0 0 0 0 0 19 0 20 0 0 11 16 0 3 0 0 15 0 0
0 0 22 19 14 0 0 15 0 0 0 23 0 0 13 0 0 0 0 0 0 0 16 12 10
0 1 0 0 0 0 10 13 4 0 0 0 0 0 0 0 0 0 6 9 0 0 0 0 0
0 0 7 0 0 12 0 0 0 3 0 0 0 0 0 13 0 0 1 0 25 0 0 0 0
0 25 0 0 0 0 3 0 0 19 0 0 13 0 16 15 6 5 0 0 0 4 2 0 0
0 2 0 0 0 0 0 10 25 24 0 0 23 0 0 0 0 4 12 0 16 0 0 15 0
0 0 20 7 24 0 0 0 0 0 0 0 0 0 0 23 0 0 16 0 0 0 8 0 0
8 0 0 0 0 18 0 0 0 0 0 0 0 7 6 0 17 0 3 24 0 0 22 0 14
0 4 0 21 0 22 0 0 0 17 1 0 11 0 0 0 10 0 0 0 0 0 0 0 0
