0 17 6 0 0 0 20 0 0 0 0 16 0 0 0 0 23 0 0 25 0 15 2 3 0
1 0 7 15 9 24 0 0 4 25 0 0 8 17 0 0 0 2 0 0 0 0 19 5 0
0 0 11 0 24 0 0 0 0 8 0 0 0 20 0 0 9 0 15 0 17 0 0 6 0
0 0 0 22 2 15 0 0 0 0 0 0 6 9 0 0 0 13 0 0 0 14 0 0 0
0 0 23 0 19 0 0 0 0 0 10 0 0 0 21 0 0 11 0 0 18 22 0 0 0
0 15 0 3 16 0 18 0 9 6 4 7 0 23 0 14 0 21 22 13 0 0 0 11 12
19 0 24 0 0 0 7 0 0 0 0 0 0 0 0 1 0 6 0 0 0 16 0 17 0
6 0 0 0 21 23 0 0 25 0 16 0 18 0 20 3 0 0 0 0 0 1 0 0 0
4 0 0 0 0 1 0 0 14 0 0 0 0 24 0 0 15 18 0 0 9 0 0 20 0
0 12 18 0 22 0 0 0 0 4 0 0 0 0 0 0 0 25 0 11 5 0 0 13 0
0 0 16 0 3 0 12 0 20 5 0 0 0 0 0 0 11 24 0 0 25 2 0 0 0
0 0 0 0 0 0 0 0 0 0 12 0 14 0 16 0 0 1 0 2 0 10 0 21 19
11 0 0 0 4 0 0 17 0 0 0 3 0 0 0 0 0 8 0 0 22 13 23 0 15
13 0 0 0 0 0 6 0 0 0 0 0 0 0 0 0 0 19 0 12 0 0 0 4 0
0 25 0 0 0 4 0 0 0 0 0 0 0 11 5 0 21 0 0 0 0 0 7 0 0
3 0 0 1 17 0 19 0 15 18 0 4 0 0 2 11 0 0 7 22 0 0 20 0 0
0 0 0 6 0 0 0 0 0 0 0 0 24 0 7 0 0 0 21 19 0 0 0 0 0
0 0 0 7 0 0 0 0 0 0 0 0 23 22 11 0 0 0 25 0 0 0 15 0 0
22 0 4 11 13 0 17 0 0 0 0 8 0 25 15 0 0 10 14 23 0 18 1 9 0
0 0 15 0 0 14 0 11 13 0 0 12 0 0 0 0 0 0 0 0 0 0 22 0 0
15 0 3 0 0 0 1 0 7 19 0 0 0 0 24 0 14 0 4 0 0 0 0 0 0
17 14 21 0 0 9 0 0 0 0 25 0 15 0 6 13 0 20 0 0 19 0 16 18 3
9 5 0 0 0 18 0 0 0 0 0 0 0 16 12 21 0 0 0 0 0 0 13 0 0
0 11 0 18 0 10 21 0 0 0 0 0 0 0 4 0 19 16 6 0 15 0 0 2 0
0 0 0 0 10 0 0 0 2 0 0 0 1 0 0 0 0 0 0 7 0 0 0 23 0
