0 0 9 0 0 4 0 0 8 0 0 0 0 21 20 0 0 11 0 0 0 0 25 0 0
0 0 0 0 0 0 0 0 0 14 0 0 23 16 3 0 0 0 6 0 7 8 10 0 11
0 0 0 0 0 0 15 0 0 0 24 14 25 0 0 7 0 0 9 13 0 0 0 0 0
10 0 0 0 17 24 1 25 0 3 0 0 19 9 0 14 0 0 0 0 20 23 0 0 0
0 5 0 14 0 0 0 12 21 0 0 0 0 10 0 23 0 0 25 0 13 0 0 15 0
0 18 0 0 0 0 13 0 0 25 0 0 0 7 0 6 0 0 0 0 0 0 0 20 0
0 21 0 0 25 0 3 2 0 0 0 16 0 0 14 0 0 0 4 24 0 0 17 0 0
0 0 0 2 9 16 0 19 20 0 21 22 0 0 0 8 0 0 14 18 0 0 13 0 0
0 10 11 6 0 0 4 0 14 0 0 0 0 0 0 0 21 0 17 19 0 0 0 25 0
0 0 14 15 0 0 0 11 0 0 0 5 6 0 0 13 0 0 2 0 4 7 0 0 0
0 0 0 17 0 0 7 0 10 4 0 19 24 0 13 0 0 0 0 0 0 0 0 0 20
0 0 12 0 0 0 0 21 0 0 0 0 2 1 10 0 0 0 0 5 0 0 24 0 8
0 0 0 0 0 0 0 17 0 0 14 0 0 4 0 0 0 12 19 7 10 0 0 23 0
6 0 20 0 0 12 23 16 0 0 0 0 0 8 21 0 0 0 0 4 0 19 0 0 18
16 23 0 10 0 3 5 0 19 0 0 0 0 12 0 21 0 14 0 0 2 4 0 0 0
0 0 0 0 0 20 0 8 0 0 10 23 1 0 0 0 0 0 5 0 0 0 0 0 0
0 0 0 20 0 15 0 13 3 7 0 0 0 0 4 0 12 0 0 0 23 10 11 2 0
5 0 0 0 0 0 0 0 0 0 0 0 21 0 9 0 13 0 0 2 0 6 0 0 0
2 17 10 8 23 21 0 6 0 16 0 0 0 0 0 9 1 19 20 0 0 0 0 0 24
9 0 0 0 12 0 0 0 0 0 0 18 0 6 0 0 4 0 0 0 0 0 0 21 0
0 0 0 0 0 6 25 0 0 8 0 1 0 0 23 0 0 0 7 0 0 0 18 0 0
7 0 0 0 0 0 0 0 0 17 0 0 16 0 18 0 6 4 0 15 0 0 0 8 0
0 0 23 0 0 2 0 0 0 0 6 10 7 3 0 11 14 0 13 16 0 0 0 0 0
0 0 6 9 0 0 0 15 0 0 0 8 0 0 12 24 0 1 0 17 0 0 0 0 23
0 0 0 0 0 0 0 0 0 5 0 21 11 0 0 0 0 8 0 0 6 0 0 0 0
