0 12 9 0 0 24 0 0 0 11 0 0 0 6 0 1 0 3 0 0 0 0 0 0 0
0 0 0 0 24 0 18 23 15 0 14 19 7 0 25 0 5 6 10 0 20 0 0 0 0
25 0 0 0 0 0 10 0 12 2 11 0 24 18 0 0 8 9 22 0 6 0 0 4 0
0 18 23 0 0 0 0 25 1 0 0 0 3 15 0 12 0 14 0 20 0 0 0 0 0
0 0 11 0 0 0 0 0 0 0 2 23 8 0 0 15 16 0 0 0 0 12 0 0 18
0 10 0 0 0 7 1 3 0 16 0 0 0 0 0 14 0 0 0 0 25 4 22 0 0
0 6 0 11 12 18 2 0 0 0 0 0 0 0 13 0 20 10 0 0 21 0 0 0 0
8 0 0 0 23 0 0 0 24 0 0 0 0 10 0 0 0 0 0 12 0 0 0 0 20
7 0 0 0 25 0 0 15 17 0 0 8 0 2 0 0 0 21 0 0 0 5 13 0 0
14 0 0 0 0 0 11 0 0 13 18 20 0 22 23 19 0 0 0 0 0 0 0 7 0
0 0 0 0 0 0 0 0 0 0 0 2 0 0 0 0 0 0 0 7 0 13 0 0 0
0 17 0 0 0 0 16 0 3 0 0 0 0 0 14 0 0 0 12 0 2 0 7 21 0
19 7 0 0 0 0 0 0 13 22 0 6 15 20 24 0 0 16 0 0 0 25 23 0 0
1 0 12 0 18 0 0 0 2 0 0 0 0 0 0 6 21 0 0 4 0 11 24 0 0
2 3 0 0 0 0 7 6 0 0 0 18 0 0 0 0 24 0 0 0 0 8 0 0 0
11 0 15 0 0 0 22 0 0 0 10 21 0 14 0 0 3 2 8 0 0 0 19 6 5
22 0 3 18 0 0 9 0 0 14 6 0 0 16 11 0 0 0 0 0 0 0 0 0 0
0 9 0 0 0 21 17 0 20 0 5 0 23 24 12 10 0 7 0 0 0 0 0 11 0
10 4 0 23 0 3 0 0 19 0 0 0 0 0 20 0 0 0 0 0 0 16 0 0 0
0 5 17 0 0 0 0 0 0 0 19 3 0 1 0 16 0 0 0 0 7 0 0 9 0
17 0 0 1 13 0 25 0 0 0 0 24 20 0 0 21 0 0 0 0 19 0 0 0 0
0 11 0 19 0 0 23 0 0 0 0 10 16 0 0 22 7 0 3 0 0 0 0 0 0
20 0 0 8 3 0 0 0 0 10 0 1 0 0 19 0 0 0 6 0 0 7 0 0 0
18 0 0 0 0 0 0 7 4 15 0 0 0 0 0 0 12 0 0 16 0 0 0 0 0
0 0 0 0 9 19 0 0 11 24 0 0 12 0 7 0 0 0 23 17 0 0 0 22 0
