0 12 0 0 14 0 0 23 24 25 0 0 0 0 0 20 18 0 0 0 15 0 5 0 0
0 0 24 6 0 0 0 0 0 11 0 0 2 0 12 16 0 0 0 0 0 0 0 0 21
0 0 15 16 19 0 20 0 9 1 0 0 0 0 0 10 0 23 0 0 22 0 0 0 0
0 8 0 0 0 0 0 0 17 18 19 0 0 21 0 1 0 0 0 0 0 25 13 0 0
0 18 0 21 5 0 0 15 0 0 0 0 16 24 0 2 0 6 7 8 0 0 0 11 0
0 0 0 2 17 0 23 0 0 0 0 0 0 0 4 12 0 9 0 0 0 0 15 0 0
0 0 6 14 22 0 0 0 0 20 0 0 23 12 0 0 0 8 0 5 0 0 17 4 11
0 0 0 9 0 0 0 0 0 8 0 0 20 0 6 0 0 0 0 0 0 0 18 0 25
24 10 0 0 0 0 21 0 4 0 5 0 0 0 0 0 0 0 0 0 0 20 0 0 22
19 16 0 4 0 0 0 17 15 0 0 10 11 0 0 0 0 0 20 0 0 0 0 0 24
0 0 0 0 0 0 0 0 16 0 0 0 12 22 0 0 0 0 0 0 4 0 0 0 0
0 0 14 0 0 23 0 0 0 4 18 0 0 17 0 0 0 0 0 0 8 0 22 0 0
6 3 0 0 0 25 17 0 21 0 0 0 0 0 16 4 0 0 0 0 0 0 10 0 0
0 4 0 12 8 0 2 6 0 3 23 0 25 0 0 0 15 0 0 0 0 0 0 17 0
0 0 22 0 21 0 0 0 0 14 0 0 0 0 0 0 0 24 0 0 0 15 0 0 0
0 9 0 11 0 0 0 0 0 21 0 0 13 0 23 0 0 12 0 0 0 0 0 10 0
0 0 0 0 0 0 24 4 7 0 0 0 0 1 2 0 0 10 15 0 3 8 0 0 17
15 0 0 0 0 0 18 19 0 6 0 14 3 10 0 0 0 0 21 2 7 5 16 0 0
0 0 0 0 0 0 0 1 0 2 12 6 0 0 0 0 23 0 0 0 0 9 20 0 0
21 14 2 0 0 0 11 3 23 0 15 0 9 16 0 0 0 0 0 0 0 0 0 0 19
0 0 0 19 0 0 0 0 0 0 0 17 10 0 24 0 0 4 1 6 9 22 0 0 7
0 0 16 24 0 8 9 11 0 0 6 13 4 0 3 0 0 0 0 0 0 17 1 0 0
0 0 0 18 4 0 1 0 0 23 0 12 0 15 0 3 0 25 0 0 0 0 0 0 0
0 22 0 0 0 24 12 20 0 0 0 0 7 2 0 19 0 15 0 14 0 0 0 0 0
14 6 0 20 15 0 0 0 10 0 16 0 0 0 0 0 0 0 9 17 5 24 0 25 0
