0 20 0 0 15 0 0 22 0 0 5 0 0 8 0 13 24 0 0 0 0 0 23 0 0
0 13 0 19 6 0 0 0 0 0 23 21 0 0 15 4 0 0 16 1 0 0 0 0 12
3 0 10 1 0 5 0 0 20 0 0 0 0 0 0 0 0 19 0 0 0 0 25 24 0
0 0 0 0 22 0 0 0 0 0 19 0 24 0 7 15 0 0 0 0 0 0 5 0 16
0 0 0 2 18 0 0 16 0 15 0 0 0 22 4 0 0 0 0 0 0 0 0 0 21
0 11 0 4 0 0 0 17 0 0 0 0 0 1 0 0 2 24 9 0 0 7 0 0 13
0 0 13 25 0 0 0 10 14 0 0 7 0 0 2 0 0 0 19 17 0 9 0 0 0
0 12 1 0 0 0 8 21 7 0 0 0 20 0 5 3 13 0 0 0 0 16 22 0 0
0 0 0 0 0 13 15 5 11 19 24 0 12 17 0 25 0 1 7 20 8 0 0 0 0
7 0 0 0 14 0 9 2 0 0 0 0 13 0 0 0 6 21 22 11 20 18 0 0 1
0 0 0 0 0 21 0 0 24 10 12 25 11 0 14 0 0 0 0 0 0 17 18 0 20
0 0 0 0 0 0 2 4 5 6 0 8 0 0 0 19 20 11 0 0 0 0 0 23 0
18 0 0 0 0 0 0 0 0 25 2 0 17 0 0 1 0 10 14 16 0 0 0 0 0
22 2 0 24 0 0 0 0 0 20 3 0 5 0 0 0 0 0 0 0 0 10 0 0 14
0 10 0 0 13 0 0 0 0 14 16 0 0 0 21 22 0 0 24 0 0 0 4 5 0
0 0 16 0 0 0 0 0 6 0 0 0 0 0 0 0 0 12 8 0 15 0 0 0 0
13 0 0 0 0 0 5 0 0 0 0 0 8 0 0 0 3 4 0 2 0 0 0 0 0
0 14 0 0 21 0 0 0 0 0 15 17 0 5 23 0 0 6 0 13 0 20 0 0 0
9 0 0 0 2 0 1 0 0 0 0 12 0 11 25 14 0 0 15 0 0 21 0 8 17
0 0 0 22 23 4 0 0 3 12 0 24 0 0 0 9 1 0 17 0 11 0 0 0 2
21 0 8 0 0 24 0 25 0 0 4 0 0 7 0 0 0 0 0 0 0 0 0 0 19
0 0 0 13 12 0 0 19 0 0 8 3 0 6 0 24 0 5 0 4 0 0 0 20 0
0 23 0 0 0 20 0 0 0 21 0 0 0 0 13 0 0 0 2 0 0 0 0 0 0
0 0 0 0 0 0 0 0 2 0 0 19 0 0 16 0 0 22 0 0 0 0 13 0 0
0 0 0 0 0 8 0 6 0 0 0 2 0 0 0 0 0 13 0 0 0 14 0 0 9
