0 5 0 0 0 7 2 13 0 0 0 0 0 14 0 0 9 0 22 0 0 0 25 0 0
0 0 0 0 18 19 22 23 0 0 1 3 20 0 0 0 0 6 0 0 0 8 0 0 0
0 0 21 0 0 10 11 9 12 0 0 0 15 16 6 0 0 0 0 14 0 0 18 0 7
10 0 0 24 0 0 3 14 16 0 7 0 0 0 0 0 0 0 0 0 0 0 23 0 0
0 0 9 0 14 0 5 0 0 17 0 0 0 0 0 0 0 0 0 0 2 11 0 20 21
14 0 22 0 0 0 0 0 9 0 0 0 10 0 0 0 24 16 0 0 0 0 0 0 12
23 0 24 0 11 0 0 16 0 0 0 0 0 0 22 0 0 0 0 3 21 0 0 0 0
0 15 0 0 3 0 0 0 0 0 0 0 0 0 21 0 0 11 0 0 10 5 0 0 0
0 7 0 0 0 24 0 0 10 0 0 0 0 0 0 22 25 2 0 1 0 9 11 0 0
16 0 0 0 21 3 0 0 0 0 0 0 0 0 15 0 0 0 9 10 0 0 0 0 1
0 14 0 0 15 0 0 0 0 0 5 0 0 0 0 18 3 0 0 21 17 0 0 13 0
8 0 0 0 0 23 10 15 13 0 0 0 4 0 0 0 7 0 0 0 0 0 0 3 19
0 0 0 0 16 17 0 4 0 0 13 15 0 0 0 11 0 22 0 9 20 23 0 0 0
13 24 0 0 0 12 0 0 0 3 0 22 25 0 14 6 5 0 20 0 18 0 15 0 0
18 0 0 0 0 20 0 0 6 0 0 7 23 9 0 0 0 13 17 0 22 0 16 0 14
0 1 0 0 12 8 9 5 0 0 0 24 6 0 0 25 20 0 0 22 0 0 0 21 0
0 4 0 0 5 0 0 0 0 0 0 0 12 0 0 0 0 7 2 0 0 0 10 23 0
0 16 0 7 0 21 0 0 0 0 23 17 0 0 0 0 0 0 0 24 0 0 0 0 15
11 0 19 0 0 0 0 12 0 0 0 0 5 0 7 14 0 23 0 0 8 0 0 0 20
0 0 0 0 0 0 13 0 0 0 0 0 0 0 0 0 16 12 5 0 14 0 0 0 11
12 0 1 0 0 0 0 24 3 9 0 19 0 20 0 0 0 0 0 0 16 15 0 0 0
2 0 23 0 8 0 0 0 0 19 25 0 0 0 0 0 0 0 14 0 0 0 0 7 0
0 0 0 16 0 6 0 0 22 0 0 0 0 0 13 12 21 0 0 0 0 0 4 0 0
0 0 4 14 0 0 0 0 0 0 9 0 0 15 11 0 1 0 0 0 0 13 0 0 2
21 0 0 18 0 0 12 17 0 0 4 0 8 1 5 0 22 10 0 0 25 20 9 0 0
