0 0 17 0 0 0 20 0 0 23 0 0 0 0 14 0 0 2 0 0 0 0 0 0 0
19 20 0 0 25 0 0 10 11 0 0 0 21 0 16 0 0 0 0 13 0 0 0 0 0
10 0 0 22 0 4 0 0 0 0 5 0 0 0 9 14 0 0 0 20 19 0 0 0 0
0 8 0 0 0 0 0 0 0 0 0 2 0 0 0 0 0 0 0 0 21 0 0 0 0
0 3 0 0 0 5 6 7 0 0 10 0 18 0 0 22 17 0 0 0 0 0 0 0 0
7 0 5 10 0 0 0 0 3 13 0 1 2 0 0 0 0 11 25 0 0 0 0 0 18
0 0 12 0 0 0 0 6 17 11 0 3 0 18 0 0 0 0 19 0 0 2 0 21 8
0 0 0 0 0 0 0 0 0 8 0 0 0 0 0 18 6 0 0 0 0 3 5 0 0
0 0 0 25 0 18 0 2 0 0 0 24 12 14 13 3 0 0 0 0 11 0 0 0 0
0 0 0 0 2 0 0 0 4 10 25 7 0 21 0 8 0 0 0 0 0 14 19 0 9
0 0 23 0 0 0 0 0 21 0 0 16 0 0 0 0 11 20 0 6 7 13 0 0 19
22 0 0 0 0 0 0 18 0 17 0 0 20 13 25 0 19 1 0 0 0 0 16 0 0
25 0 0 7 0 0 3 0 23 0 0 4 6 0 21 24 16 0 0 0 0 0 0 0 0
4 0 0 0 0 1 0 0 0 6 0 0 0 11 0 21 7 12 0 0 0 0 0 0 2
0 2 6 3 0 16 0 0 0 0 0 0 0 0 0 0 0 0 0 0 15 0 4 0 0
0 25 16 0 0 0 13 0 6 3 18 0 23 0 0 0 0 19 0 1 0 0 0 0 0
12 1 0 13 0 0 0 0 0 7 0 19 0 0 11 0 0 0 0 8 0 24 0 14 0
23 0 0 9 0 11 0 0 0 0 0 0 0 10 1 5 0 0 0 15 0 0 0 0 0
6 4 0 0 0 17 18 25 0 0 0 0 0 5 0 0 24 21 0 0 0 0 20 13 23
18 24 15 0 3 0 23 0 0 0 9 14 0 17 0 13 0 0 0 10 0 6 0 4 0
0 18 0 0 16 0 0 0 0 0 0 0 9 0 0 15 0 14 0 0 13 25 10 0 12
0 0 2 0 0 0 0 16 0 4 0 12 0 0 0 6 0 0 17 0 24 0 0 23 0
9 0 10 6 15 23 17 1 0 0 0 0 14 0 0 0 0 0 0 7 22 16 21 0 0
0 0 0 8 0 0 21 19 15 14 0 22 0 0 0 20 0 0 0 24 2 0 17 0 1
0 0 0 0 22 0 0 0 20 0 21 15 19 0 2 0 10 0 0 5 0 0 0 0 0
