4 0 0 0 1 0 23 0 10 0 0 0 12 0 14 0 3 0 7 8 15 16 0 0 0
0 2 0 15 0 9 0 0 0 0 0 0 19 20 22 0 0 11 0 0 23 0 0 0 0
0 0 0 0 0 0 0 0 2 7 0 0 0 0 0 0 0 0 0 0 0 0 0 0 0
0 24 0 0 0 0 13 0 14 0 1 0 4 5 0 12 0 16 0 0 0 10 0 0 22
5 0 0 0 0 0 18 0 21 22 0 0 0 0 0 0 4 0 0 13 0 8 0 0 0
6 0 0 14 0 24 19 0 0 0 13 25 0 0 5 0 17 0 0 22 8 0 0 0 0
0 0 0 8 0 0 4 0 0 0 0 0 0 17 0 0 0 1 0 0 0 15 0 9 25
0 0 0 0 0 0 20 2 0 0 0 22 0 15 16 8 0 0 0 23 0 17 0 4 5
19 0 0 0 0 0 16 0 22 1 0 0 0 12 0 0 5 0 0 24 0 21 0 0 0
0 0 15 17 0 0 8 0 12 14 10 6 0 0 0 18 0 0 0 4 0 0 0 13 0
11 19 0 16 0 0 0 9 0 0 0 7 0 0 0 0 21 24 12 0 0 0 5 0 0
0 0 0 0 10 11 0 25 17 24 3 15 0 0 0 0 14 0 0 5 0 0 7 0 0
22 0 8 1 0 0 0 23 0 15 0 0 16 0 0 0 0 0 0 0 0 0 0 0 11
24 25 17 0 0 0 14 0 0 0 0 0 0 0 0 22 16 8 0 0 0 0 1 19 0
14 15 0 0 13 0 0 4 0 0 0 0 0 23 0 0 0 0 0 0 24 0 8 17 10
0 0 0 0 0 5 24 0 0 20 11 0 9 7 12 10 8 0 15 0 0 25 13 16 0
0 0 16 0 0 0 0 0 0 2 15 0 5 0 0 0 0 0 0 0 1 0 0 0 23
0 0 0 0 14 0 25 0 0 0 0 0 10 0 0 23 0 0 0 0 11 19 0 22 17
0 0 25 18 0 14 9 1 11 0 0 0 0 0 0 0 0 0 0 0 0 4 6 8 20
0 23 12 0 0 0 0 0 0 0 20 0 0 0 0 0 0 4 0 0 21 5 0 0 2
25 13 0 0 19 0 0 0 24 0 0 0 0 3 1 16 11 21 0 0 0 0 0 0 0
0 0 0 0 18 0 0 12 0 10 0 0 0 0 0 0 0 14 0 1 0 0 0 0 8
0 0 0 0 0 0 0 13 0 4 0 0 11 8 19 0 0 0 0 0 5 0 24 20 0
0 8 24 0 21 0 17 0 0 0 4 0 22 10 0 13 19 0 5 0 18 0 25 0 16
17 0 0 0 5 0 11 18 0 0 0 0 0 0 0 0 7 0 0 0 19 0 0 0 0
