0 0 0 18 0 0 0 0 9 0 0 0 11 4 0 0 0 0 0 0 0 17 0 25 15
0 10 0 0 4 0 0 0 0 0 0 0 0 0 0 7 8 0 11 0 2 0 3 0 14
0 0 2 0 0 0 0 11 18 0 0 9 0 0 25 0 0 16 12 0 0 0 0 0 24
24 9 0 0 6 0 0 14 0 2 3 0 0 0 0 20 0 0 0 19 0 0 21 0 0
0 0 14 0 0 15 0 19 0 0 16 0 0 0 0 2 0 0 3 0 8 0 0 13 0
0 19 0 11 8 0 0 21 0 0 12 16 0 0 0 0 0 22 17 0 18 0 0 0 3
0 23 20 12 5 0 16 0 0 0 0 15 0 0 0 18 0 0 10 11 19 6 0 0 8
0 0 0 0 0 0 11 5 3 0 17 23 0 0 18 19 0 25 8 9 0 12 0 0 7
0 0 0 0 0 0 7 2 0 19 0 0 9 0 11 0 24 4 0 0 0 10 5 14 16
10 0 0 22 0 20 15 18 0 0 7 0 0 0 0 0 0 3 0 0 0 25 0 24 1
0 6 10 4 0 7 0 0 0 0 0 0 0 0 0 0 0 0 0 0 0 20 8 0 0
0 0 0 0 0 18 8 12 19 0 4 0 0 0 23 0 0 1 0 15 10 0 0 0 25
0 0 0 0 1 23 5 0 0 17 10 0 13 0 0 0 20 0 7 18 0 0 0 21 0
0 0 0 0 0 0 0 1 0 20 0 3 8 9 0 0 0 0 19 22 0 0 16 0 4
0 0 0 8 0 0 0 0 0 10 0 20 0 12 0 0 14 0 0 0 0 23 0 0 0
14 3 0 0 0 0 25 0 0 9 0 13 0 18 16 0 0 0 24 0 0 0 0 0 21
16 4 0 1 0 0 0 0 0 7 0 21 0 25 0 0 2 0 0 0 0 0 0 18 0
0 0 15 0 23 0 0 0 0 4 0 24 12 5 0 0 0 0 0 8 0 13 0 3 0
0 0 18 10 0 0 0 0 22 0 0 4 0 0 0 0 0 0 21 17 25 0 0 0 0
0 21 0 0 0 0 0 0 0 0 0 0 6 10 2 0 3 0 0 0 0 0 12 0 0
0 0 0 0 17 2 0 0 23 0 0 0 5 0 0 0 9 0 0 0 0 0 0 8 0
0 8 0 5 10 0 0 13 0 0 23 0 0 14 0 0 6 0 22 0 24 0 0 0 0
11 0 0 0 0 22 0 25 0 0 18 8 4 17 0 24 19 0 0 21 1 0 23 0 0
0 2 0 20 21 0 0 0 0 0 0 0 0 0 9 0 0 0 0 0 0 0 0 0 0
0 0 23 24 0 0 0 0 14 0 0 0 0 11 12 8 0 0 0 0 7 0 0 0 0
