0 0 0 0 0 0 0 6 22 0 10 13 0 0 3 0 0 0 0 25 4 0 0 14 0
0 0 0 16 17 0 0 0 0 0 14 0 0 5 0 1 7 0 3 8 0 0 0 0 0
0 0 0 0 0 1 0 0 15 24 0 0 7 8 9 0 0 0 23 20 0 0 0 6 10
0 0 0 5 24 10 16 17 25 4 0 0 0 0 0 0 0 13 0 0 0 1 0 2 0
2 0 1 0 21 9 13 0 0 0 22 0 23 24 25 4 0 5 0 0 0 0 0 19 20
0 0 2 12 13 0 0 11 0 15 0 0 20 0 22 5 0 0 8 0 0 0 24 0 0
0 0 0 0 0 19 20 0 0 2 0 0 12 0 0 0 0 24 0 0 21 0 6 0 0
0 0 0 0 0 0 0 0 5 0 0 10 13 0 16 0 18 0 17 2 0 0 0 0 0
4 0 0 20 0 24 7 0 12 0 19 0 0 0 0 0 21 0 0 0 0 0 0 0 0
0 16 7 22 0 25 0 0 13 8 0 0 21 3 0 0 0 0 0 0 5 0 0 15 0
0 0 3 21 0 15 0 7 0 0 0 0 22 18 0 24 9 25 0 6 8 0 0 0 0
0 23 0 1 0 4 0 0 0 0 0 19 0 0 0 0 0 0 5 0 0 0 16 0 0
0 0 0 0 0 0 0 0 6 22 0 0 0 16 0 0 0 0 0 0 0 7 0 0 11
5 0 8 0 15 0 0 0 0 0 17 0 0 0 0 0 0 0 22 0 13 4 0 0 19
0 0 0 6 0 0 0 0 24 0 0 0 25 11 0 0 0 15 0 0 0 0 12 20 5
22 0 0 9 0 0 0 0 0 13 0 0 0 0 0 23 0 0 12 21 20 24 0 0 0
1 0 0 0 8 0 6 0 0 21 0 0 0 25 10 15 14 0 0 0 0 0 19 0 0
0 0 11 0 0 0 0 22 0 0 0 0 0 0 0 0 0 0 0 16 0 0 25 0 0
12 0 0 13 0 0 19 25 0 0 0 0 8 17 23 3 0 1 20 0 6 0 2 0 9
0 0 0 25 0 0 0 20 17 9 0 1 0 0 12 10 0 0 0 5 0 0 11 0 0
0 25 0 0 0 6 0 0 10 0 8 0 0 0 0 0 3 9 11 0 24 0 0 16 4
0 0 0 3 0 0 0 15 4 0 0 0 10 0 0 0 0 0 16 0 12 0 0 0 8
0 0 0 0 0 0 0 16 14 0 0 3 9 0 0 13 15 0 7 0 0 6 0 0 0
0 4 0 0 0 0 0 0 23 0 0 0 0 13 11 8 0 0 0 1 0 0 17 0 0
0 0 20 0 19 22 0 0 0 0 0 5 18 0 7 25 23 0 10 0 0 15 0 0 0
