0 0 0 9 0 0 0 24 0 13 0 12 0 21 0 6 0 0 0 10 11 0 0 18 0
0 0 0 16 17 1 0 0 0 0 0 19 10 0 0 0 0 0 0 0 0 0 22 0 21
0 0 0 14 0 0 9 0 0 0 0 0 24 0 0 0 0 0 0 18 0 0 4 0 0
1 0 19 20 0 0 12 0 22 0 0 0 0 0 0 2 4 0 0 0 0 0 0 0 7
22 23 0 0 7 14 0 8 19 21 0 5 0 0 0 9 0 0 15 0 0 0 0 16 20
9 0 0 0 0 0 0 13 14 0 0 18 0 20 0 0 0 0 0 0 0 0 10 0 0
0 0 0 0 0 23 0 16 20 0 0 17 2 0 0 0 0 0 6 0 0 0 0 0 11
0 0 0 0 0 11 5 10 8 0 0 0 0 0 0 0 17 0 14 0 0 23 1 0 0
23 16 0 0 24 0 3 18 0 12 0 13 9 0 0 0 0 10 0 0 21 0 2 6 22
0 0 17 22 0 0 0 7 15 0 0 0 4 0 0 0 0 0 8 0 0 0 0 0 18
0 0 0 0 0 0 11 0 0 0 0 0 0 0 0 0 0 0 2 16 0 0 0 24 9
0 0 5 17 0 0 0 0 10 14 0 21 19 18 0 0 0 23 7 20 0 0 16 0 0
0 0 11 0 0 12 17 0 5 0 0 0 0 0 0 0 0 8 0 14 2 21 25 23 0
0 3 0 0 25 13 0 0 23 20 1 0 14 17 0 21 5 0 12 0 0 22 0 7 0
0 20 22 7 23 0 15 0 24 0 0 0 5 16 0 0 9 18 0 0 4 0 14 0 12
20 0 0 0 0 0 0 0 0 0 0 0 0 0 0 0 22 2 0 0 0 3 0 0 0
13 17 0 0 0 7 0 0 0 0 0 0 18 24 0 8 0 5 9 12 0 16 11 0 0
0 0 0 0 0 0 0 3 1 0 0 2 0 0 17 0 15 0 0 0 0 0 0 20 4
25 0 0 5 0 16 13 0 0 0 10 0 0 0 0 0 0 0 0 0 0 0 0 0 0
0 9 23 15 0 0 8 21 0 17 22 0 0 0 0 10 0 0 20 0 24 0 0 19 0
0 0 0 21 13 0 0 0 16 0 23 0 0 0 0 3 0 0 0 0 0 0 0 12 0
0 0 0 3 0 0 0 0 0 0 0 0 0 0 18 4 12 9 0 0 14 0 0 10 0
19 0 6 0 0 0 24 9 12 0 17 22 0 14 0 0 10 0 0 0 0 8 0 0 13
0 5 0 0 9 0 0 23 0 0 20 1 7 0 0 16 0 17 0 0 0 0 0 11 0
0 0 18 10 0 8 0 0 21 0 13 0 0 0 0 0 14 0 0 0 17 19 0 0 0
