0 0 0 0 0 7 0 13 0 0 3 0 0 22 0 0 0 0 16 0 0 17 19 0 0
0 0 0 0 0 0 0 0 0 25 8 15 0 0 0 0 0 0 0 0 1 0 0 0 3
0 18 20 0 24 0 0 0 12 0 0 0 0 9 0 0 3 0 0 0 0 10 0 0 13
0 3 0 0 0 0 4 0 0 0 0 21 0 0 7 19 10 0 0 0 0 11 0 0 0
15 0 0 0 0 0 3 5 9 0 13 0 0 0 0 8 0 0 0 0 0 0 0 21 0
21 7 0 0 0 1 0 0 0 0 0 9 0 12 4 20 0 0 2 0 14 0 15 0 0
0 0 25 0 6 14 0 0 16 0 11 1 22 0 0 0 8 0 3 18 0 0 2 12 0
0 0 0 17 0 0 5 7 0 0 0 0 25 0 0 21 0 14 1 0 0 0 8 0 0
1 0 0 15 12 21 24 0 0 9 0 0 18 0 8 0 13 0 0 0 0 5 0 0 20
18 0 8 16 0 13 0 0 0 0 0 0 19 0 2 10 15 0 0 0 0 0 0 0 0
12 10 0 0 22 0 0 0 0 23 16 0 20 4 21 11 17 0 0 0 0 0 0 6 0
0 25 5 0 0 0 20 21 0 0 0 0 0 0 0 0 0 1 0 0 0 3 0 0 14
0 0 3 21 0 0 0 0 4 7 0 0 2 0 0 0 23 0 0 0 0 0 0 9 0
0 0 0 0 1 0 12 3 0 13 0 0 0 0 0 0 0 0 0 0 5 0 0 8 16
0 0 18 7 19 17 2 0 0 24 0 0 3 1 12 0 0 8 20 16 21 23 13 22 0
19 0 23 9 0 0 0 0 0 0 0 0 21 0 0 0 0 0 10 0 0 0 0 0 25
0 21 14 0 0 0 0 0 1 0 0 0 0 16 0 23 0 0 5 6 0 0 0 0 0
0 6 0 0 13 5 0 18 0 0 0 0 0 0 0 0 0 4 0 0 3 0 0 0 15
0 0 2 11 18 0 19 0 0 10 0 0 14 0 1 0 0 9 8 15 12 0 0 0 0
24 0 4 0 0 0 0 0 0 3 0 19 0 0 0 0 21 0 14 0 11 8 6 0 0
0 22 24 3 0 0 0 17 0 15 0 23 0 0 0 1 2 0 7 8 0 18 0 0 0
14 0 0 0 20 0 0 4 0 0 2 0 0 7 0 0 0 0 0 0 0 0 10 0 8
0 17 0 0 0 0 0 0 0 0 0 25 0 0 15 0 0 0 0 12 0 0 16 2 0
7 0 21 18 0 0 0 0 0 2 0 0 0 0 0 13 0 22 0 0 0 0 0 5 0
13 11 0 2 0 0 8 0 10 0 0 14 0 5 0 0 0 0 24 25 23 0 9 0 0
