0 0 3 20 0 17 0 14 0 0 0 0 24 0 0 0 0 4 0 0 0 0 9 0 11
0 0 16 0 0 0 0 0 0 3 0 9 10 4 0 0 0 24 0 0 5 12 0 0 0
2 5 6 1 4 23 0 0 0 9 0 0 16 3 0 13 0 0 17 0 0 0 25 0 0
0 8 9 12 25 0 0 10 0 0 2 0 0 18 20 0 0 0 0 0 1 22 0 13 0
0 11 15 0 0 16 25 0 12 6 0 8 19 0 22 0 1 0 9 0 0 4 0 0 18
0 0 19 0 11 10 1 0 22 0 0 0 6 0 23 0 0 0 0 0 0 9 0 0 0
22 0 0 13 0 0 0 12 0 0 20 0 0 17 9 0 0 0 7 6 18 0 0 8 0
0 0 0 0 0 0 0 18 0 0 0 16 0 0 0 9 19 14 0 0 0 0 0 2 0
4 0 0 0 0 0 0 0 0 0 0 5 25 0 0 0 0 2 0 16 0 17 20 0 22
0 0 5 0 2 20 0 0 0 0 0 0 0 0 19 0 0 0 13 0 7 3 0 0 16
0 0 0 0 0 0 0 0 0 0 0 0 0 0 0 6 15 0 0 24 0 0 0 0 14
5 13 0 11 0 6 14 0 0 0 0 0 0 0 21 0 22 0 0 4 0 0 0 0 0
0 0 0 15 19 0 0 3 0 0 7 0 22 0 6 0 0 0 21 0 0 0 0 0 0
0 10 23 0 0 18 7 0 0 21 12 0 0 2 14 0 0 8 0 0 16 0 0 22 0
0 0 0 2 6 22 0 0 9 0 8 0 0 0 0 0 7 0 0 0 13 18 0 19 0
0 16 0 0 0 0 13 4 0 0 10 0 0 0 0 0 25 5 0 19 0 11 0 6 0
0 0 0 0 0 0 10 9 0 12 0 0 0 15 8 0 0 11 23 1 0 0 0 0 19
0 0 0 5 0 2 0 11 0 19 0 0 0 0 0 0 0 0 0 17 0 0 0 0 7
24 0 2 4 0 0 0 7 0 0 0 0 0 0 0 0 0 13 22 12 0 0 0 15 0
0 0 0 0 0 0 0 0 15 22 0 0 0 0 0 0 0 0 0 0 0 5 13 0 0
0 0 0 25 23 0 2 5 0 0 9 18 0 20 0 19 16 0 14 0 0 0 0 3 6
0 0 0 21 5 4 0 0 0 23 0 0 0 0 0 0 18 0 0 0 25 0 19 9 0
19 0 13 9 0 0 11 0 0 0 17 0 0 0 0 25 0 0 0 15 20 0 0 0 0
0 0 0 0 20 0 0 0 0 10 24 0 0 5 25 0 21 0 12 0 0 0 0 14 2
15 0 22 10 16 0 0 25 0 24 0 19 0 7 0 0 0 0 0 0 0 0 0 0 5
