0 0 0 0 0 0 0 10 0 0 17 9 0 1 0 15 0 25 0 0 11 0 4 0 0
0 0 0 0 13 0 1 24 0 0 0 2 0 0 0 9 0 0 10 0 3 25 0 0 6
0 0 22 6 0 0 0 0 0 0 0 3 21 0 16 11 18 5 24 0 0 0 0 0 0
0 0 0 25 0 0 0 0 0 0 0 10 0 0 0 19 0 0 1 3 5 0 13 0 14
0 0 0 0 0 15 4 0 0 0 22 11 0 13 23 6 0 0 0 0 0 21 17 0 0
0 0 10 12 0 0 0 0 0 0 13 1 2 17 3 0 21 8 0 0 0 0 0 15 7
0 0 9 13 18 0 0 0 17 14 10 4 0 12 6 0 0 15 0 0 21 0 25 0 19
0 4 17 0 0 0 0 0 0 0 0 18 0 0 20 0 0 0 13 0 0 0 0 0 0
0 0 16 0 0 0 0 0 0 0 0 0 0 22 9 12 4 0 0 0 0 0 20 0 17
0 0 0 0 0 1 0 0 20 0 0 0 16 0 0 0 7 0 17 0 0 0 0 0 0
0 0 0 0 0 0 17 0 0 0 0 0 0 0 11 2 0 0 0 23 0 14 0 13 0
23 0 25 0 0 0 0 0 0 0 4 14 0 0 0 0 11 0 0 15 0 0 0 5 0
20 3 0 4 6 0 0 19 1 0 2 0 0 0 0 0 0 13 0 0 0 11 16 0 18
0 0 0 8 0 0 0 25 0 4 0 0 0 24 0 22 0 0 0 5 1 15 2 0 0
5 0 1 0 0 0 0 3 0 13 0 8 0 0 0 0 0 0 18 0 0 0 0 0 24
0 6 0 0 10 0 0 0 0 0 5 19 0 3 0 0 0 0 0 0 20 8 0 0 4
0 0 18 24 25 0 8 0 0 0 0 20 12 10 4 0 9 14 0 0 16 0 0 3 0
12 13 0 15 16 0 19 20 0 0 0 0 14 2 0 0 1 0 0 0 0 23 18 0 0
0 0 0 0 0 4 0 0 0 0 0 0 0 0 0 0 0 2 0 0 0 12 0 0 0
0 0 11 0 0 0 0 9 0 15 0 0 0 18 0 0 0 0 12 0 2 0 0 0 0
25 1 0 0 0 0 18 0 0 0 0 0 0 0 0 0 2 23 0 8 0 0 0 0 0
0 19 0 0 0 0 0 17 0 24 15 22 0 0 2 0 0 0 11 1 25 18 0 8 0
0 0 0 0 11 0 15 0 0 0 8 0 10 0 0 0 24 0 0 16 0 0 0 0 12
0 12 0 0 8 0 0 6 0 0 16 17 1 0 0 5 14 0 0 0 13 20 0 21 15
15 9 4 0 24 10 0 8 2 11 0 25 0 20 0 0 0 12 6 0 14 0 0 0 0
