0 0 0 7 20 0 15 18 0 0 0 0 0 0 0 0 0 1 5 0 0 25 0 0 0
0 0 0 23 0 0 0 0 0 0 0 0 0 9 0 0 21 8 6 0 0 0 0 13 24
0 0 0 5 15 20 0 0 0 0 0 0 2 25 0 0 22 4 0 23 0 6 0 14 17
0 0 0 0 4 0 13 0 0 0 17 0 22 12 23 15 0 0 14 0 5 0 0 0 8
0 0 6 0 0 0 0 0 8 1 0 24 0 0 0 18 17 0 16 25 9 0 15 0 0
0 0 2 0 21 0 17 8 0 22 0 6 10 0 25 1 0 0 0 3 12 0 0 0 14
23 11 0 0 0 3 0 0 0 0 0 16 0 0 0 0 0 21 2 0 22 0 24 0 0
10 16 0 19 0 0 0 21 0 0 0 0 0 0 0 0 0 23 0 17 0 2 0 6 0
0 5 0 0 0 0 0 14 0 10 0 9 11 0 0 0 0 24 4 0 8 0 0 0 0
0 24 0 25 0 0 0 12 16 0 1 0 0 0 0 0 0 0 10 0 0 0 0 0 15
0 4 18 10 0 0 0 17 3 0 24 23 0 0 0 6 0 7 0 0 0 0 14 0 0
7 0 0 0 0 0 19 25 0 0 0 14 1 0 0 20 0 0 21 0 24 15 10 0 23
9 3 0 0 0 0 0 0 0 14 0 0 0 0 20 0 10 0 0 0 13 0 6 25 0
21 0 0 0 0 18 1 0 0 0 0 0 15 16 0 0 0 0 0 0 0 8 9 0 0
20 0 0 0 2 0 0 10 5 0 0 0 0 0 12 0 0 0 0 0 0 0 0 0 0
0 0 0 0 22 0 14 0 13 0 0 0 23 0 0 0 0 2 0 1 0 0 0 0 0
0 0 0 0 0 0 0 0 18 0 4 0 12 0 2 0 8 0 22 0 17 0 0 0 0
0 2 10 0 13 0 0 3 21 20 0 18 0 0 0 0 11 0 24 0 0 0 0 1 0
0 0 0 8 9 23 0 0 17 12 0 0 0 0 0 19 0 6 18 16 0 0 0 0 10
0 0 15 4 0 0 0 0 0 0 0 0 7 17 0 0 0 0 0 0 0 0 0 0 0
0 0 9 0 0 0 0 0 0 0 0 22 0 3 0 0 0 13 0 5 0 19 25 0 1
2 1 0 0 24 0 0 0 11 0 0 25 13 0 0 0 0 10 0 0 0 0 0 23 0
0 13 0 0 0 24 25 1 0 0 0 0 0 0 0 2 18 0 0 7 6 0 0 16 0
0 0 21 0 0 0 3 15 0 5 11 7 6 0 0 0 0 16 0 0 0 0 0 0 13
19 0 4 15 0 22 0 13 6 23 0 0 14 0 16 0 0 17 0 0 0 18 21 9 0
