0 0 22 0 23 0 0 1 0 3 0 11 0 0 14 0 16 0 18 0 5 6 7 0 0
12 0 0 0 24 0 13 0 0 0 0 0 0 0 0 10 0 0 0 0 0 0 0 23 0
5 0 0 9 0 0 0 0 10 0 0 0 0 20 0 0 13 22 0 0 1 2 3 24 11
0 3 1 0 0 0 0 0 11 20 17 0 0 24 0 0 6 8 0 0 0 12 0 15 0
0 0 0 0 0 0 0 0 0 23 2 0 0 0 16 1 0 0 0 0 0 0 0 0 0
19 0 0 0 0 0 0 0 0 25 0 10 16 6 17 0 0 0 0 8 0 0 0 0 0
0 0 24 25 0 0 20 11 0 16 0 0 0 0 0 4 0 0 19 10 13 0 6 0 0
0 0 0 15 7 19 2 0 0 0 25 0 4 0 12 0 1 0 0 0 0 0 0 11 0
0 0 6 0 0 3 0 0 0 15 22 0 0 0 0 0 0 0 0 11 0 19 0 0 0
0 0 0 16 17 12 10 23 0 5 15 0 0 0 0 0 0 18 22 13 0 0 0 0 0
0 0 16 0 0 0 0 0 0 0 18 4 0 0 7 25 0 0 0 0 0 0 19 0 0
0 13 19 0 0 20 0 0 0 0 0 0 0 0 0 23 0 0 0 14 0 0 0 16 0
0 0 0 0 0 0 0 0 16 0 0 0 0 0 3 17 0 0 0 1 0 24 0 0 13
0 25 5 22 0 0 0 3 0 0 0 0 0 0 0 0 0 0 24 0 0 1 0 0 10
7 0 0 0 10 0 17 0 0 14 0 0 0 0 6 0 22 3 0 0 12 0 0 2 0
0 6 0 0 0 0 0 17 0 0 20 14 0 0 0 0 0 0 0 15 0 25 0 13 0
0 23 0 0 0 2 6 25 1 24 11 3 21 0 0 0 19 0 0 0 0 16 5 22 0
0 0 25 0 3 0 19 14 13 22 0 0 0 0 0 0 0 0 1 5 21 8 0 10 0
1 0 0 13 19 0 8 0 0 11 0 0 25 17 4 0 14 0 0 0 3 0 0 9 0
0 5 0 14 0 0 4 20 0 12 19 0 24 0 13 0 0 0 0 0 0 0 2 0 0
0 19 4 0 0 13 16 6 0 0 0 0 0 7 0 0 0 0 0 9 22 0 21 0 12
0 0 0 6 0 0 0 9 17 19 0 12 10 5 18 0 0 20 3 0 0 0 0 0 0
0 0 9 0 0 0 0 0 0 7 0 20 0 21 0 0 17 0 0 0 0 18 16 6 0
0 18 0 0 20 0 5 0 0 0 9 1 0 4 0 0 0 6 16 0 0 10 0 0 3
0 0 0 0 22 15 14 0 20 0 0 25 0 0 0 0 0 0 12 0 0 0 0 0 24
