23 13 0 0 0 0 2 0 1 0 22 0 0 24 0 17 0 10 0 0 0 21 0 0 0
17 0 0 0 7 0 0 0 0 0 0 0 18 0 25 0 5 0 0 0 0 8 0 2 0
0 0 6 0 0 18 0 0 7 0 12 0 17 19 0 2 4 0 9 0 0 23 25 24 0
0 0 0 0 0 0 23 20 0 0 0 0 0 10 21 0 16 3 7 18 0 9 0 0 0
0 0 0 11 0 24 0 0 0 0 0 4 0 0 0 19 15 0 0 23 0 5 0 7 0
22 0 0 0 0 0 0 0 0 0 0 17 24 0 0 0 0 0 0 0 7 0 23 1 0
19 4 0 0 6 17 0 14 0 0 25 0 10 15 0 0 0 0 0 22 3 0 0 11 5
0 0 1 0 24 0 0 0 0 0 0 0 0 0 0 0 0 0 0 0 0 0 0 0 2
15 18 0 0 0 0 16 0 0 0 0 0 0 0 0 7 0 0 21 0 0 17 22 0 25
0 7 0 0 0 6 15 3 23 20 0 22 1 0 5 0 8 0 0 11 0 0 0 21 0
0 0 0 18 19 0 1 2 0 0 4 12 0 0 17 0 0 0 0 0 5 10 0 0 0
0 0 0 10 0 0 0 0 0 0 0 7 8 0 0 0 0 0 0 0 0 22 17 18 19
0 0 22 24 0 0 0 0 0 16 0 0 0 0 0 1 2 0 0 17 9 0 3 0 23
0 0 17 4 23 0 13 0 15 8 0 0 0 0 22 0 0 0 18 0 0 0 7 0 1
0 1 0 8 0 14 0 0 0 0 0 0 25 16 0 0 0 5 0 0 0 11 0 0 0
0 0 0 1 0 0 0 24 3 0 0 14 23 0 0 13 0 0 17 16 0 0 0 4 0
0 0 0 0 0 0 0 0 16 0 11 0 0 0 4 0 0 0 0 0 0 24 15 5 0
11 25 0 17 0 2 19 22 0 0 0 0 12 0 0 0 0 0 15 0 0 0 16 9 0
0 0 13 0 16 25 0 0 14 0 0 2 0 17 24 0 0 4 0 20 0 0 0 0 8
21 0 0 2 0 0 0 0 0 0 0 0 0 0 3 22 11 0 19 0 17 25 1 0 0
0 0 0 16 0 0 20 0 17 11 24 0 0 0 0 0 18 21 0 7 0 4 0 0 0
0 0 0 14 0 16 4 0 0 0 21 23 0 0 11 0 6 0 0 3 0 0 0 12 0
0 0 0 19 8 0 0 0 0 0 17 0 4 22 0 0 14 0 0 0 23 0 0 0 0
25 0 3 0 0 0 0 1 0 0 18 0 16 9 0 0 0 0 11 0 24 0 14 0 0
4 17 0 21 0 0 10 0 0 0 0 0 15 0 0 0 23 0 0 0 0 0 0 6 0
