0 3 0 0 0 0 12 0 0 19 0 0 24 7 25 8 0 20 0 0 0 0 0 0 0
0 0 0 24 0 0 0 0 13 0 0 1 0 0 3 0 0 0 0 21 0 0 16 4 20
4 0 9 0 0 0 0 0 24 0 0 0 21 0 0 0 0 18 17 0 0 0 0 0 0
0 14 0 19 0 0 0 0 0 25 0 0 12 0 13 1 0 0 6 7 24 0 0 0 0
0 0 0 0 0 0 6 10 0 4 0 8 0 17 20 0 0 0 0 24 25 0 0 19 0
0 20 4 0 2 10 18 0 0 9 0 0 0 0 0 0 0 0 21 0 0 22 0 0 0
6 0 0 0 24 0 0 0 0 0 0 0 5 0 0 0 0 0 0 10 7 16 23 0 0
0 1 0 0 0 8 0 0 15 0 20 0 14 0 0 7 0 22 3 17 9 0 0 0 0
0 0 0 0 0 0 0 0 17 5 0 0 0 6 0 24 25 14 0 8 0 0 0 13 0
0 0 0 0 0 22 7 16 0 0 0 9 1 0 0 19 5 0 2 23 0 0 21 0 0
20 2 0 11 0 0 9 0 0 16 1 0 0 19 0 0 0 0 14 18 0 0 3 0 15
0 16 14 0 4 0 0 0 0 1 0 20 0 21 0 17 0 11 7 6 2 0 5 0 0
0 7 0 0 0 0 0 11 14 21 0 0 0 0 6 0 0 0 10 0 13 0 1 0 0
0 0 6 1 21 0 19 0 0 0 17 0 0 0 5 16 0 0 0 0 14 24 10 20 11
0 0 0 10 0 0 4 3 20 17 0 0 0 0 16 15 19 23 0 2 6 0 22 21 12
0 21 0 0 0 0 15 0 0 0 0 0 20 0 18 0 0 0 0 0 0 0 7 0 17
15 12 0 0 0 0 0 0 4 0 0 0 0 0 0 0 0 0 0 20 0 0 0 9 0
0 0 0 14 6 0 0 0 0 0 11 15 0 0 0 0 0 0 5 0 0 4 0 0 19
0 4 0 16 0 18 0 0 8 0 0 0 19 0 0 0 0 0 0 14 0 0 0 0 0
7 0 0 0 0 0 3 19 0 0 0 0 0 12 0 0 0 8 0 0 0 0 0 0 21
1 0 12 20 0 0 0 0 0 0 0 0 0 13 23 0 14 6 25 11 17 7 0 0 0
0 0 22 4 0 13 0 0 25 12 21 0 8 2 0 5 0 0 0 1 0 0 6 0 0
0 6 0 0 0 0 16 0 23 0 0 14 11 0 0 22 7 0 0 0 0 0 8 0 0
0 25 0 18 0 14 11 0 0 0 0 12 0 0 0 0 0 0 0 0 0 0 0 0 24
0 0 0 0 7 0 0 0 0 0 24 25 0 0 1 23 8 0 19 0 0 0 0 0 0
