0 17 18 0 20 22 0 0 0 25 0 0 6 4 9 0 0 0 0 0 8 0 0 0 0
10 0 23 0 0 1 0 3 4 0 0 0 0 0 0 9 20 0 0 0 0 5 11 22 0
0 0 0 0 0 10 13 0 0 11 12 0 21 25 0 0 0 0 0 0 4 0 0 23 0
0 8 0 13 14 0 0 0 0 21 0 0 0 0 24 0 0 3 0 0 6 0 0 0 0
0 12 21 0 0 0 9 0 2 0 8 1 0 0 0 6 0 16 0 0 0 0 19 0 0
0 4 0 10 0 0 0 0 7 0 0 0 0 8 25 0 0 17 5 0 0 18 0 0 2
0 25 0 0 0 20 0 0 0 0 0 0 0 0 0 18 0 0 0 0 0 0 22 0 0
0 0 0 0 8 0 19 17 0 0 7 0 0 9 0 0 0 0 16 0 0 0 0 1 0
20 21 0 0 0 0 16 0 0 0 0 19 5 0 0 0 0 0 15 1 0 0 0 9 8
0 11 0 7 0 0 0 0 23 0 0 3 0 0 0 4 0 0 0 0 0 0 25 5 0
14 0 0 0 23 0 0 10 0 20 17 0 15 13 4 0 0 0 0 18 0 11 0 0 0
0 0 0 0 0 0 0 0 0 0 25 0 16 0 0 0 0 8 0 11 0 13 0 0 0
0 0 0 0 0 4 3 12 19 0 2 0 0 11 0 0 0 0 0 0 0 0 0 0 0
0 0 11 0 0 0 0 0 0 0 0 0 0 0 20 23 21 0 0 0 9 0 0 10 19
0 0 2 0 18 11 0 0 0 0 19 0 7 1 23 5 0 0 10 0 3 0 0 0 0
8 0 4 23 0 21 0 0 0 0 0 7 0 0 0 0 25 12 22 0 13 0 0 11 3
19 2 20 0 0 23 0 11 0 0 0 0 0 22 0 0 0 13 0 0 0 0 0 14 5
3 10 0 0 0 0 0 0 0 0 0 0 25 21 0 15 18 5 0 20 0 0 0 12 7
0 7 0 5 21 0 6 0 9 19 0 0 0 0 13 3 16 23 0 0 22 8 17 15 0
9 0 0 0 0 0 0 0 0 0 0 10 0 0 0 0 0 0 11 19 21 25 20 0 23
0 0 7 0 24 0 0 0 14 0 0 0 1 12 0 0 22 19 18 0 0 0 0 0 0
0 0 0 0 0 0 20 7 0 10 6 0 4 0 0 0 0 14 0 0 0 0 0 0 0
0 22 0 0 19 0 0 0 0 0 18 0 0 0 0 0 0 0 1 0 0 0 16 13 11
18 9 14 20 0 0 0 0 0 22 0 25 0 2 7 0 0 0 0 3 15 0 0 19 21
0 3 10 0 0 0 0 0 17 0 16 14 0 19 0 0 9 0 13 0 25 0 0 20 22
