0 0 0 16 20 0 0 0 0 0 1 0 2 0 8 4 0 0 0 0 0 0 21 23 25
2 0 0 0 21 0 11 12 15 0 0 0 5 6 0 22 0 0 24 25 0 0 0 19 0
0 0 19 15 0 0 0 0 23 0 0 0 14 11 18 0 8 0 0 0 0 0 0 0 0
0 18 0 0 0 25 0 7 0 9 0 20 0 0 0 0 0 0 13 0 10 0 3 0 17
0 13 14 22 9 0 4 0 0 0 0 0 0 17 0 0 20 21 0 0 7 0 0 11 12
15 0 0 0 0 0 0 0 0 0 0 0 0 0 0 7 0 0 22 23 0 0 0 0 0
0 0 0 0 10 12 16 0 0 0 15 0 1 0 24 2 0 0 18 0 3 0 0 13 22
0 0 18 0 8 0 23 0 0 0 22 0 12 0 0 0 24 0 0 17 0 6 0 0 0
13 0 0 0 0 15 0 0 0 0 0 0 7 0 0 0 0 0 9 0 0 23 25 2 0
0 0 4 0 0 0 0 10 0 0 0 0 0 9 0 8 0 0 0 0 0 0 0 0 0
0 0 0 0 0 11 0 16 0 2 25 0 0 0 0 0 7 0 0 0 0 13 0 0 0
0 19 0 0 16 0 0 0 0 0 3 0 15 0 0 0 9 0 0 0 0 0 22 20 0
0 7 0 3 11 18 9 5 21 19 0 22 0 0 0 23 0 0 0 20 0 0 0 25 0
18 0 0 0 0 0 0 0 0 0 0 0 19 0 0 0 0 17 11 0 15 2 0 0 0
0 14 0 13 5 0 10 0 3 0 9 8 0 24 0 25 16 22 0 6 0 21 0 0 0
19 0 17 0 0 0 3 0 0 0 11 0 0 0 0 9 21 14 0 0 0 0 0 0 0
0 24 25 0 0 0 0 21 0 0 0 2 0 0 9 0 0 0 20 15 23 0 0 0 0
8 0 16 0 0 0 0 0 12 0 21 0 0 4 0 0 0 0 0 0 0 0 0 3 0
21 0 0 0 0 16 0 24 0 0 20 15 8 12 23 0 0 25 0 1 17 11 0 14 19
0 0 0 11 0 0 0 0 0 0 0 0 0 19 3 10 0 0 0 16 0 0 0 0 0
22 0 5 0 17 0 0 0 0 10 0 0 0 0 0 12 0 0 25 0 20 0 0 0 14
14 0 13 18 2 0 15 3 0 0 0 21 20 0 0 0 0 1 17 0 0 0 0 6 0
0 8 21 1 0 19 0 0 0 12 0 0 0 10 13 15 0 0 0 2 0 0 0 17 0
0 0 0 0 0 24 0 0 0 0 0 0 3 18 7 0 23 13 21 0 0 12 0 0 0
0 12 10 7 19 0 25 0 0 0 6 0 0 0 0 20 0 24 0 11 21 16 0 0 0
