0 0 0 0 19 0 23 0 16 3 0 25 9 0 0 0 0 0 0 0 6 0 0 5 1
10 0 0 17 2 0 0 9 0 11 20 0 0 3 0 0 0 21 0 0 0 0 7 4 0
24 0 11 4 0 0 0 17 0 0 0 8 0 0 12 0 0 0 0 0 10 0 0 13 9
0 0 1 0 18 0 8 0 0 0 0 0 0 15 10 0 0 25 0 0 0 0 0 11 0
0 0 6 0 21 0 10 4 12 0 5 0 0 0 11 17 7 0 0 9 20 0 23 0 0
15 0 0 0 0 0 0 0 0 23 0 0 0 0 0 0 0 0 0 0 0 0 25 0 0
0 0 0 0 0 4 0 10 11 0 0 0 19 0 25 0 0 3 15 22 1 0 0 0 0
0 0 0 0 7 21 0 1 25 0 0 0 0 0 15 0 0 0 0 0 17 0 18 0 0
0 1 0 11 25 0 0 0 0 0 13 20 4 0 22 0 0 0 0 24 0 0 0 15 0
2 0 21 0 0 8 0 3 0 15 0 0 16 17 23 19 18 5 0 25 0 7 0 12 0
0 0 18 21 0 0 0 5 0 8 0 0 23 0 0 0 0 6 0 2 16 0 0 24 0
23 0 0 15 0 0 13 14 0 17 25 0 0 0 20 0 0 0 0 5 0 0 0 2 6
0 14 0 0 0 0 0 24 0 0 0 0 0 0 0 15 0 0 0 0 18 0 0 0 0
0 24 0 0 6 2 0 0 0 0 0 0 0 16 13 23 0 0 0 0 0 0 20 0 8
0 0 0 5 0 0 11 0 0 6 0 0 0 0 0 0 0 0 0 4 0 0 0 17 0
0 0 0 14 0 0 21 0 0 9 17 0 25 0 0 0 22 12 3 0 0 4 10 0 0
0 0 0 24 10 0 0 0 0 0 0 0 0 0 0 18 0 0 7 11 25 22 0 0 3
0 0 0 0 0 3 4 15 0 14 0 24 0 10 19 2 0 0 0 0 0 0 0 16 0
0 19 15 0 0 0 0 0 2 0 3 12 0 0 0 21 24 0 1 14 0 6 5 0 0
17 3 22 9 0 0 18 0 0 24 0 0 0 0 0 5 0 0 4 0 0 0 0 0 14
0 6 20 0 1 0 0 0 0 0 0 0 0 0 3 0 5 0 0 0 9 12 21 8 0
0 0 0 0 0 0 0 11 0 10 0 7 8 9 2 0 0 13 0 0 0 0 22 3 0
11 4 0 23 15 0 0 0 0 0 0 0 17 25 0 0 0 0 24 0 2 0 19 0 0
0 0 0 0 0 1 12 0 24 13 0 0 0 0 0 0 0 0 0 0 0 0 0 0 0
16 0 0 0 13 0 9 8 0 0 0 0 0 0 1 0 0 22 25 18 15 0 24 0 0
