22 0 0 0 0 0 6 0 2 0 8 0 3 4 7 0 13 0 0 0 0 18 19 0 21
0 0 0 0 18 0 7 15 16 0 0 0 5 0 0 0 21 22 23 3 25 0 10 0 0
0 0 0 15 0 0 0 0 4 0 0 12 0 0 23 24 0 0 17 19 8 1 0 0 0
2 0 0 0 0 18 19 0 0 10 15 0 0 0 0 5 0 0 0 11 0 0 0 0 23
12 0 19 0 21 0 0 0 0 0 0 18 0 0 0 1 0 0 7 0 0 0 0 0 16
0 0 0 0 10 0 25 0 0 0 19 0 7 0 15 0 0 0 0 0 5 0 12 0 4
0 0 0 0 0 10 0 22 0 0 0 0 4 0 21 0 9 5 0 0 0 0 6 0 20
4 0 0 24 0 0 14 0 0 0 17 0 0 11 0 0 0 0 13 0 0 0 25 0 3
0 0 0 22 0 0 0 0 0 0 0 23 0 0 0 0 0 0 0 24 0 10 0 0 0
0 0 0 0 0 24 0 18 0 23 0 0 0 10 0 15 0 0 0 0 0 0 22 0 0
0 0 15 0 0 0 20 0 19 5 0 0 8 12 13 0 0 16 1 0 0 14 0 3 0
5 0 0 2 9 0 0 0 1 12 0 0 0 0 4 0 14 0 0 13 7 0 0 19 0
0 16 0 0 0 0 0 2 0 0 0 0 9 1 0 0 0 0 0 0 0 0 23 21 0
0 0 0 0 0 11 0 0 0 0 18 0 0 0 0 0 0 17 0 8 9 0 0 0 0
0 3 0 0 0 0 17 0 0 0 7 0 0 15 2 25 0 0 20 0 0 22 16 0 8
0 0 0 18 15 0 1 0 3 0 0 6 25 23 0 0 0 0 0 0 16 9 7 0 0
20 0 21 0 0 25 0 4 0 0 11 0 0 3 12 10 0 0 0 0 0 0 0 0 13
0 0 22 0 25 5 0 0 0 0 0 0 0 0 0 14 0 0 24 6 10 3 0 0 0
0 0 0 19 0 23 0 0 0 22 9 0 0 0 0 0 0 12 18 0 11 0 4 0 0
0 0 0 0 0 21 24 7 14 0 10 0 16 17 0 0 0 0 0 2 12 0 20 5 22
18 0 23 0 0 17 11 0 0 0 0 4 0 19 0 0 0 0 0 0 0 0 8 0 0
6 0 0 0 0 0 0 0 5 2 0 0 0 0 3 9 0 0 0 1 0 0 0 0 12
25 9 3 0 0 0 0 6 0 0 0 11 0 0 0 13 5 21 0 0 15 0 0 16 0
0 0 7 21 8 0 0 0 9 18 25 0 6 0 0 4 0 23 0 12 20 2 14 0 0
17 2 0 0 0 14 0 0 0 8 0 0 15 0 0 22 0 0 0 0 6 0 0 0 0
