0 0 0 0 0 0 0 1 16 8 0 0 0 0 24 0 0 0 21 23 0 0 0 0 0
0 0 0 0 0 0 0 0 0 0 0 0 3 0 0 0 0 19 24 0 23 0 1 0 5
0 21 0 3 24 0 0 0 22 17 19 0 0 0 0 0 0 0 0 0 0 9 11 0 4
0 25 0 5 15 0 0 12 23 0 17 0 0 0 0 0 0 0 0 0 13 0 0 6 0
4 10 13 2 0 11 0 14 9 19 0 0 0 0 0 0 0 0 0 0 0 0 21 20 0
16 0 0 0 0 0 0 18 0 0 15 0 0 0 21 0 23 0 5 0 0 0 0 0 0
0 22 0 17 0 0 0 20 0 0 25 6 0 16 23 0 3 8 0 13 0 0 0 0 15
0 0 20 0 0 2 9 13 5 0 0 0 0 8 3 22 0 0 0 0 0 0 0 0 0
0 5 0 9 0 22 0 8 0 0 0 0 0 17 14 11 15 0 0 4 0 0 0 2 0
0 0 0 19 0 12 0 15 0 0 0 0 1 0 13 0 0 0 0 0 0 0 0 0 0
12 0 0 0 0 0 5 0 4 10 0 16 0 0 0 0 9 2 0 18 1 6 0 0 14
0 0 0 0 0 0 0 0 6 0 0 0 0 0 0 12 0 15 0 20 0 0 0 19 0
0 0 0 0 11 0 0 23 0 15 0 8 12 20 0 19 0 0 0 0 0 0 0 3 0
0 0 15 0 0 20 0 24 12 0 0 0 17 0 0 0 0 0 0 0 4 0 9 0 23
17 18 0 21 0 0 16 25 2 9 0 3 0 0 0 23 4 0 10 24 0 0 12 0 0
0 0 0 14 0 0 2 3 0 12 0 0 0 0 18 0 0 0 6 0 19 8 22 0 0
5 0 2 22 0 0 0 4 0 0 0 0 0 0 0 0 25 0 0 10 0 23 3 0 21
3 17 0 0 0 14 0 5 15 0 0 0 2 0 6 0 0 23 0 0 0 20 0 24 0
24 0 25 7 18 16 0 0 0 0 12 5 0 3 15 21 20 0 0 1 9 0 2 0 0
0 0 0 0 0 21 0 0 0 0 0 0 0 19 0 0 5 0 0 14 0 0 0 0 0
0 0 0 0 0 0 0 0 0 0 3 0 0 0 0 25 22 0 0 0 0 0 0 0 6
7 0 17 1 19 0 8 0 18 3 20 10 0 0 16 0 0 0 0 0 0 0 0 11 2
25 24 14 18 2 0 10 16 0 0 4 0 0 22 0 0 0 20 0 0 17 0 0 0 0
22 0 5 23 21 0 0 0 0 0 0 2 0 6 0 0 1 0 0 15 0 25 10 0 0
0 0 3 11 0 0 21 0 0 0 0 0 14 0 17 0 0 0 0 0 0 0 5 0 0
