0 22 0 24 0 0 0 4 0 0 0 0 0 13 0 0 25 0 12 0 15 0 18 19 0
0 0 0 0 3 0 0 14 0 0 10 0 0 0 0 0 16 17 0 0 24 0 8 0 0
0 0 0 0 12 0 0 0 22 0 19 20 16 0 21 0 18 13 0 0 4 0 0 0 0
18 19 20 0 25 15 0 0 0 0 0 0 7 0 0 0 0 3 8 0 0 12 0 0 0
0 0 0 16 0 11 0 0 0 10 0 8 9 0 0 0 0 5 6 7 0 2 3 21 0
0 0 0 0 0 19 0 0 0 0 20 0 0 5 3 0 0 22 0 10 0 18 0 6 0
0 10 25 0 0 0 13 0 0 3 0 0 0 0 19 0 0 23 4 20 0 0 21 0 16
7 0 0 9 0 0 0 6 12 0 0 0 22 10 4 0 0 0 0 11 0 0 0 0 13
0 0 4 19 0 0 0 0 1 5 0 17 18 0 0 0 0 16 0 0 0 7 0 0 0
0 0 0 0 0 0 17 0 0 0 0 0 0 0 0 13 0 0 15 0 0 3 22 0 0
5 20 0 6 13 0 0 0 0 0 0 0 0 0 0 16 0 0 0 0 0 10 0 0 0
0 0 0 23 2 0 20 16 10 0 0 3 0 0 0 22 0 0 0 15 0 0 0 0 0
3 0 16 0 0 0 4 25 13 17 0 22 10 9 1 0 5 0 0 18 23 8 12 0 0
0 0 19 18 0 0 0 0 0 23 13 5 0 0 7 0 3 0 10 17 25 0 0 0 6
0 0 0 0 0 0 0 0 0 0 0 0 17 19 0 6 0 14 0 23 0 0 0 0 7
0 0 18 12 0 0 25 10 0 0 0 14 0 15 16 20 0 2 22 0 0 0 0 3 0
25 15 0 2 0 0 0 1 0 0 0 0 0 3 0 24 0 0 0 0 0 0 0 0 0
0 0 0 0 0 0 0 0 0 0 0 0 0 0 0 0 0 25 7 0 0 0 2 0 18
0 13 0 0 24 0 0 0 0 0 0 0 0 0 0 0 0 0 14 0 22 1 0 0 0
0 4 0 0 0 0 0 8 0 0 22 13 0 0 0 0 0 1 0 0 0 0 19 0 0
19 24 0 0 16 0 0 20 0 0 0 0 0 0 14 0 0 0 18 0 0 22 11 0 0
0 0 0 21 11 0 0 0 16 0 0 0 24 0 5 3 22 6 0 0 0 0 14 10 0
0 0 0 22 7 23 11 12 0 0 3 0 0 0 6 14 0 0 0 0 0 19 17 4 0
0 0 14 0 18 0 10 19 0 1 0 0 0 20 0 0 11 0 17 4 0 21 24 2 0
0 6 0 1 10 0 0 0 0 14 0 0 0 0 0 0 24 0 20 0 18 23 25 0 0
