10 13 0 15 17 0 0 0 0 0 0 0 0 0 0 8 0 0 0 0 7 12 0 2 0
0 20 0 4 0 7 2 3 0 0 0 0 0 0 0 0 11 0 0 0 0 0 15 0 0
6 0 0 0 0 10 0 0 0 11 0 1 0 0 0 0 0 0 0 2 0 25 0 0 23
7 11 0 0 0 0 0 0 16 17 0 2 0 0 14 0 22 19 15 10 0 0 0 20 21
0 0 0 23 1 0 0 0 0 0 0 17 0 0 10 0 0 0 0 3 0 0 0 0 22
4 15 1 0 12 0 0 22 0 0 5 0 0 0 25 6 0 0 0 0 0 0 20 0 9
25 0 0 0 24 0 5 0 0 15 16 8 22 0 0 9 10 0 0 11 2 1 0 23 0
0 8 0 0 0 0 0 0 20 1 0 15 0 0 0 16 12 0 0 14 0 0 0 0 5
3 0 0 0 0 0 14 0 0 0 12 0 0 0 1 0 18 0 0 0 0 0 0 0 0
20 0 0 0 0 0 16 0 0 0 14 3 0 0 4 22 23 0 0 25 0 0 0 12 0
0 0 20 0 0 0 18 8 5 0 4 10 12 0 0 0 7 9 0 22 0 0 0 0 11
1 0 5 0 9 0 0 21 0 19 0 0 0 16 18 17 0 0 0 23 14 7 0 0 8
0 16 0 0 0 0 0 20 17 0 1 0 7 14 23 0 0 8 0 0 0 18 2 0 0
23 22 0 0 0 14 0 0 0 12 0 0 0 0 2 0 15 0 4 0 0 0 5 1 0
0 0 0 0 0 24 0 0 0 0 17 5 15 0 0 0 0 0 0 21 0 0 0 0 0
0 0 25 0 0 0 0 0 0 0 21 0 0 19 0 0 0 0 9 4 0 0 0 7 14
0 0 0 1 0 0 0 0 25 0 8 0 0 0 0 0 0 0 16 0 0 0 24 0 17
0 7 4 6 11 0 21 9 12 14 0 20 0 0 0 0 0 0 0 0 1 0 0 22 0
0 0 0 14 0 0 24 0 1 8 0 4 13 0 0 11 0 21 0 0 0 0 0 6 10
0 0 0 0 21 0 6 0 0 0 0 0 0 0 12 1 24 0 25 15 0 9 0 0 20
0 0 2 0 0 0 17 0 0 0 0 0 20 0 3 5 1 0 0 0 0 0 7 11 25
0 17 0 0 0 3 0 0 14 0 9 25 0 0 13 0 0 0 0 0 0 0 0 0 0
0 0 13 0 20 0 0 0 0 0 2 0 0 0 6 19 0 0 11 0 0 0 0 24 0
0 0 12 0 0 0 0 0 0 0 0 16 0 0 21 4 0 24 0 0 0 23 0 10 0
24 0 0 0 4 20 0 0 0 6 0 0 14 17 0 21 9 0 0 0 0 0 0 15 0
