0 0 10 0 0 0 15 0 0 0 25 0 0 11 0 0 0 0 0 0 12 0 21 0 0
0 0 6 0 16 13 0 0 0 0 19 0 0 0 0 0 0 0 11 10 5 0 14 0 0
0 15 22 0 0 21 14 0 18 0 0 10 0 0 1 0 0 20 12 0 7 11 0 25 0
9 0 0 0 5 23 10 0 0 0 0 0 0 0 0 0 0 0 0 14 0 0 0 0 17
13 0 0 0 12 0 20 0 0 0 0 0 0 0 0 21 0 0 0 9 3 0 10 24 0
0 0 0 0 23 17 0 0 0 16 0 2 0 0 0 0 0 5 18 6 19 0 0 0 0
0 0 20 15 3 0 21 2 23 0 0 11 0 25 5 0 0 0 0 0 0 0 24 1 0
2 9 0 0 0 0 0 0 0 0 0 0 0 0 0 0 0 0 0 0 13 0 0 14 11
0 0 21 0 0 20 0 0 12 0 3 0 0 0 0 0 0 0 15 17 4 16 0 0 0
4 10 14 0 22 0 1 0 0 11 7 0 0 0 0 0 0 0 21 0 0 20 0 9 23
0 0 16 0 0 0 0 0 0 0 0 0 0 0 0 0 0 22 0 5 1 2 0 0 0
5 0 0 9 10 0 0 23 24 0 0 3 0 0 15 0 0 13 0 0 0 18 0 20 21
0 2 0 0 0 0 0 0 0 0 0 13 11 0 0 0 0 0 0 15 0 14 22 0 0
0 0 0 0 0 14 0 19 0 21 1 5 0 10 0 4 0 8 0 0 0 12 13 0 0
6 11 12 13 0 0 0 0 0 3 20 0 0 0 0 0 0 0 17 0 0 4 0 0 0
0 0 18 0 13 24 23 3 0 0 0 0 0 0 9 0 0 0 0 12 6 0 0 0 0
19 0 0 0 8 0 0 0 0 0 0 0 0 0 22 6 13 0 0 0 0 0 23 0 12
0 21 0 22 0 0 0 12 0 0 13 0 0 2 0 7 0 0 0 0 0 0 0 0 0
0 0 0 0 0 0 0 0 22 20 16 0 6 0 4 0 0 0 0 0 0 0 0 0 0
0 0 17 0 6 2 0 0 0 5 24 19 0 0 8 0 0 11 0 0 0 0 1 13 22
1 0 0 0 7 0 0 0 0 15 0 24 21 0 6 0 0 14 2 0 22 3 0 0 19
0 16 13 0 9 0 5 20 0 22 0 0 0 0 19 12 0 0 1 21 24 10 0 0 0
0 6 0 14 20 0 11 0 0 0 0 15 16 13 12 0 0 19 0 0 0 1 25 5 2
0 0 0 0 4 9 0 0 0 24 22 0 0 1 0 16 8 0 0 0 0 0 0 0 0
0 0 0 0 19 0 0 0 1 0 0 8 10 0 0 18 0 0 13 20 0 7 6 0 14
