2 0 0 0 0 20 0 0 0 9 0 0 25 10 0 0 0 0 7 0 0 5 0 0 6
0 0 0 0 0 14 16 0 0 0 0 1 2 15 0 0 0 10 0 0 0 7 20 0 8
0 0 0 17 20 15 0 19 0 0 0 7 8 11 16 1 5 0 0 6 0 0 23 0 0
0 0 23 0 0 0 5 0 0 6 0 0 0 19 0 0 0 0 0 0 0 1 12 0 0
7 0 0 0 18 0 0 0 0 0 5 0 0 21 22 19 0 0 0 20 0 0 15 0 0
0 10 0 0 0 0 4 0 0 0 0 0 0 0 0 23 0 0 16 24 0 0 0 22 19
0 0 19 0 0 17 0 25 0 11 20 0 0 0 24 0 0 7 2 0 13 6 0 0 0
20 17 0 0 12 0 0 0 9 7 0 18 11 0 0 0 19 6 13 0 10 0 24 0 14
0 0 0 7 0 0 0 0 0 0 0 3 0 0 0 0 0 0 1 25 15 0 2 0 11
0 0 0 9 0 12 0 0 0 0 0 19 0 0 23 0 0 11 4 0 0 0 0 0 0
13 0 2 0 0 0 0 24 0 0 0 0 0 0 0 0 0 16 0 0 0 0 0 0 21
0 0 0 0 1 0 0 13 0 0 0 0 21 0 18 0 6 3 0 0 24 0 0 0 0
0 0 0 21 0 6 0 0 22 0 0 0 0 0 11 0 10 0 0 0 0 0 0 0 0
3 0 10 12 6 19 21 0 0 0 0 2 0 16 0 15 23 0 0 0 0 0 11 5 7
18 0 0 0 0 0 0 0 0 0 17 0 0 0 0 0 0 0 24 4 8 0 0 0 0
0 5 13 0 0 22 20 4 0 0 11 0 9 12 19 24 0 0 0 0 0 0 0 0 0
0 0 15 4 17 0 0 0 0 0 8 0 0 0 10 18 0 0 20 1 0 23 13 0 0
0 0 0 14 21 7 0 0 0 0 0 17 20 0 0 0 0 23 0 9 5 11 0 0 0
0 0 0 0 22 0 24 0 0 0 2 0 0 0 0 0 0 0 6 0 0 0 16 0 0
0 19 0 25 24 0 0 0 5 17 7 0 0 0 1 13 15 0 0 0 20 4 0 0 0
0 0 0 0 0 18 17 0 13 4 9 0 0 24 0 14 0 0 0 0 1 0 5 0 0
0 0 12 0 0 8 0 6 14 19 10 0 22 0 0 16 1 0 5 0 0 0 0 17 0
22 14 0 15 0 0 0 0 0 0 0 13 0 4 0 0 0 0 0 18 23 0 0 0 25
0 20 0 0 10 0 0 12 11 23 18 0 3 2 0 0 0 0 25 7 0 0 0 0 0
0 21 0 18 0 0 0 22 20 0 0 0 19 0 7 0 0 0 11 0 12 0 0 8 0
