0 0 16 0 17 0 0 0 0 0 0 0 0 0 0 0 0 0 2 0 0 0 12 23 0
0 0 0 0 0 0 0 2 0 0 0 0 0 0 0 0 0 0 0 0 0 0 0 0 5
25 0 0 0 0 15 7 0 0 23 0 10 1 0 0 0 4 0 0 0 20 0 0 18 0
0 10 1 0 0 0 0 0 0 19 11 21 23 0 0 0 0 22 0 0 8 0 0 0 0
0 0 0 0 0 0 18 0 0 0 0 16 0 4 17 0 0 0 0 20 1 0 9 0 0
15 0 0 0 0 0 0 4 7 2 0 13 0 0 0 0 0 0 11 0 0 0 17 6 0
0 17 19 0 21 0 23 24 0 11 3 0 0 0 10 0 0 0 0 0 7 0 0 2 9
2 5 6 7 0 8 13 0 14 16 0 0 0 0 0 20 0 0 0 0 10 0 0 0 0
3 0 4 0 0 0 0 0 0 0 1 0 0 0 0 0 0 7 0 0 0 0 23 0 0
0 0 13 14 0 10 0 17 0 0 0 7 8 0 21 0 3 0 0 0 0 0 0 16 0
0 0 0 0 23 2 0 3 9 4 0 24 0 0 6 0 18 0 0 13 0 11 20 0 0
6 24 0 0 0 0 15 0 17 0 25 0 20 0 13 0 22 0 0 0 9 18 0 5 0
0 0 0 17 13 0 20 0 21 5 0 14 0 0 0 0 24 15 25 0 0 6 0 0 0
4 25 0 1 0 0 0 0 23 0 0 3 0 0 0 0 0 9 20 5 24 0 0 0 13
18 0 0 15 0 0 25 0 0 0 0 0 7 0 0 0 0 0 0 6 0 10 4 0 0
0 21 0 25 0 0 0 0 13 17 6 0 4 0 0 3 0 0 0 0 0 19 5 0 10
0 13 0 0 0 0 0 25 0 0 9 0 0 0 0 14 23 24 0 19 0 0 0 0 6
8 14 0 0 0 16 0 0 2 9 0 0 11 0 0 0 0 6 0 0 0 0 0 24 23
5 0 11 0 16 24 0 0 0 0 0 20 13 22 0 0 10 0 0 7 0 0 21 8 0
23 0 0 0 20 19 0 0 8 0 21 25 0 7 0 0 0 5 16 0 0 0 0 12 0
0 20 0 18 0 4 0 0 16 12 0 0 0 10 0 0 0 0 0 0 0 0 0 19 24
0 0 0 0 19 25 24 21 0 3 0 0 15 0 0 0 7 0 12 14 0 23 18 9 0
0 0 0 0 0 23 17 0 15 0 0 9 0 0 0 5 2 16 0 0 0 0 0 0 0
0 0 0 5 0 0 0 0 11 0 0 12 0 0 18 0 0 1 0 24 0 0 0 20 0
0 0 14 23 0 7 0 20 0 0 0 6 0 0 19 0 17 0 0 0 5 0 0 0 0
