2 0 0 10 0 18 19 8 20 0 0 0 0 0 16 0 0 15 6 0 0 0 0 0 14
0 19 0 0 0 13 17 0 24 25 4 0 0 0 0 0 0 14 16 23 0 0 0 0 0
8 11 12 0 0 10 3 0 0 0 14 15 0 0 2 5 0 18 0 0 22 0 16 0 0
14 0 0 0 0 0 0 0 5 6 3 9 0 11 12 19 0 0 0 0 21 0 0 23 0
0 0 0 4 25 11 12 0 0 0 0 0 18 20 21 0 0 0 0 0 0 0 0 0 8
0 0 0 0 0 0 0 0 0 22 17 3 0 0 0 13 2 12 0 0 24 0 0 6 0
17 10 19 0 0 0 0 0 4 0 0 0 0 0 0 24 0 0 0 0 0 0 0 0 0
4 25 0 9 0 0 7 0 0 0 0 0 0 0 0 0 0 0 0 0 0 16 0 17 22
0 0 5 2 3 0 0 16 0 23 0 0 0 0 7 17 0 0 19 0 0 0 0 10 0
0 0 23 0 24 15 20 0 3 0 0 16 0 0 0 0 0 10 7 0 0 9 0 0 0
0 0 0 25 16 0 0 0 0 0 0 0 0 0 0 20 0 0 18 3 13 0 0 5 6
19 1 0 18 20 5 0 0 0 11 0 13 7 0 0 0 10 0 0 0 0 0 14 24 23
0 2 10 7 0 22 0 0 0 0 15 14 0 19 23 0 0 0 0 0 0 0 8 0 0
0 0 0 15 23 0 0 12 25 0 0 17 0 22 24 0 0 0 0 0 0 0 0 0 21
0 0 0 0 22 7 1 0 0 0 9 0 0 0 0 0 24 0 0 0 0 0 0 0 4
0 0 0 11 0 0 21 5 0 0 0 0 2 3 0 9 19 7 0 0 23 0 0 0 25
0 0 2 0 9 0 23 7 13 0 18 8 15 0 0 0 0 0 0 0 16 20 0 0 0
0 0 0 0 0 16 18 0 0 3 11 0 0 9 14 0 0 0 2 0 0 0 0 0 0
1 0 4 0 10 0 0 0 0 0 0 0 23 0 0 0 0 0 0 0 0 0 0 0 0
0 0 0 0 19 0 0 0 0 15 0 0 0 24 13 10 0 0 1 11 0 0 0 0 0
0 0 0 23 5 0 0 0 16 20 0 21 11 0 0 0 0 24 12 0 0 0 0 0 0
0 0 0 0 12 0 0 0 0 13 0 0 3 0 0 21 0 0 0 0 0 0 0 0 0
16 18 17 0 0 0 22 0 21 7 5 0 14 0 0 0 25 0 11 2 0 10 9 0 0
25 13 8 0 0 14 15 1 0 0 0 0 0 0 0 0 18 3 0 20 0 7 21 4 16
0 20 0 0 11 4 0 2 19 0 0 0 0 0 0 0 0 0 0 0 5 0 24 0 0
