12 0 25 0 10 0 19 0 0 0 0 0 13 2 0 24 14 22 0 0 17 0 4 0 3
20 0 0 9 22 0 0 0 0 5 0 0 15 0 0 18 11 6 16 0 0 0 0 0 0
0 6 18 0 0 22 0 0 14 0 0 0 0 0 9 0 0 21 0 0 0 0 0 0 15
0 0 0 21 11 23 0 0 0 4 0 10 0 14 12 0 0 0 1 7 0 0 9 0 2
0 0 0 15 0 6 0 0 0 12 19 0 24 0 4 0 0 17 0 0 0 0 0 0 0
0 0 21 25 0 0 0 5 0 8 18 19 0 9 0 0 0 12 0 3 23 0 0 0 0
0 0 0 0 17 0 3 19 0 24 0 0 0 0 0 0 0 0 0 6 0 0 22 25 0
0 0 23 0 0 0 15 0 0 25 0 0 0 7 8 0 1 20 0 0 10 0 0 13 0
0 3 15 0 0 9 0 12 0 20 0 21 0 0 0 22 0 23 19 8 1 5 6 0 0
0 0 11 0 0 1 0 0 21 0 0 17 0 0 0 16 9 24 0 10 0 3 0 19 0
0 0 0 0 5 21 0 0 12 0 0 22 0 0 2 0 24 0 11 0 0 0 0 0 0
13 0 9 0 12 0 0 0 1 0 0 23 0 21 0 0 22 15 0 0 0 0 0 2 8
0 1 2 0 0 0 0 14 0 0 0 13 0 15 0 0 18 0 7 0 0 0 0 0 0
22 0 0 24 21 0 23 0 6 0 0 0 0 0 0 0 0 0 0 19 18 0 0 0 0
0 17 0 0 0 0 0 0 19 0 0 16 14 0 0 0 0 5 12 0 0 9 0 15 13
8 0 5 0 0 0 0 6 0 0 12 0 0 23 17 0 15 0 0 16 0 18 0 0 0
11 0 0 0 19 0 0 0 0 0 0 0 0 0 0 7 0 10 0 0 0 0 0 0 0
4 0 0 0 0 0 0 24 0 0 0 0 0 0 0 0 0 0 0 0 0 2 0 0 0
24 0 14 0 9 0 0 25 0 10 0 18 2 0 0 0 3 0 20 0 0 0 0 7 0
0 0 0 0 0 0 22 0 0 0 0 0 0 0 11 5 0 0 0 0 0 0 0 0 0
25 0 17 5 0 4 0 1 0 18 0 2 8 6 0 13 0 0 10 0 15 16 21 0 0
0 0 0 0 18 5 0 0 0 6 0 25 0 0 0 19 0 0 0 0 9 0 23 0 0
0 0 22 0 0 15 0 8 24 0 0 9 0 0 0 0 20 0 4 18 0 0 25 0 5
3 9 0 0 0 16 0 0 0 21 24 12 0 0 0 0 0 0 8 14 0 4 1 0 0
0 0 0 0 1 0 0 0 0 0 0 0 0 18 15 9 5 0 0 22 0 0 2 8 0
