0 0 23 0 25 16 0 0 0 0 0 0 13 0 2 0 0 0 0 0 12 17 0 4 0
0 0 3 15 17 0 0 6 0 21 7 4 20 24 0 0 0 0 0 0 0 0 0 1 0
7 0 0 12 0 0 0 0 17 0 15 0 0 0 8 0 0 4 22 0 23 20 13 0 0
0 16 0 0 20 0 0 0 0 0 11 0 0 0 5 9 0 13 0 17 24 0 0 0 0
0 0 0 8 0 4 0 0 0 0 0 0 18 0 0 19 0 0 24 20 0 0 0 0 0
17 0 25 0 3 0 23 0 0 0 21 0 0 0 0 0 15 1 0 9 0 0 0 0 11
0 0 0 0 14 25 0 8 19 0 6 0 3 7 24 0 23 22 0 0 0 0 16 0 12
0 0 0 9 0 0 0 0 0 0 17 0 0 0 0 0 8 0 6 0 4 0 0 14 13
0 0 21 6 0 13 0 12 0 0 0 0 0 11 0 24 0 18 4 0 0 0 0 0 0
0 0 11 18 0 0 0 0 0 0 0 0 12 0 0 14 0 0 0 16 0 0 21 7 0
0 17 16 21 7 0 0 0 20 0 0 0 0 0 18 0 0 0 0 0 0 0 4 3 0
1 0 0 0 0 0 25 0 0 0 0 0 0 0 0 12 0 0 0 22 0 13 18 9 20
0 3 0 4 0 0 0 10 0 22 0 0 0 16 0 0 0 0 23 0 0 0 0 0 0
22 11 0 25 6 0 0 0 0 0 19 9 0 0 0 17 0 0 0 0 0 10 0 0 14
18 24 0 0 12 0 2 0 0 0 0 0 0 3 13 0 4 0 0 21 0 0 0 11 22
0 0 15 0 0 0 12 0 1 18 0 0 2 0 0 0 6 0 5 0 8 11 9 0 0
0 0 8 7 10 0 0 0 0 0 14 0 0 0 0 22 18 25 0 24 0 0 0 0 0
0 0 0 0 2 0 0 0 0 14 0 1 8 0 20 0 9 11 0 10 0 0 0 0 23
0 0 9 0 0 0 0 0 0 0 0 0 5 12 22 0 0 0 0 1 14 4 0 0 0
0 0 0 0 0 0 20 0 0 0 25 0 16 17 0 8 21 0 0 12 0 6 0 0 0
0 18 12 16 19 0 0 11 0 1 0 0 17 20 0 0 22 0 9 0 21 0 0 0 6
0 0 0 0 0 0 0 18 0 12 0 0 0 23 11 0 0 15 21 0 0 0 0 24 0
0 0 0 22 4 0 0 0 0 15 0 7 0 6 12 11 0 0 0 0 18 9 23 19 0
0 8 0 0 15 0 0 24 0 19 0 0 0 0 3 18 0 0 0 6 0 1 12 0 0
9 0 0 0 0 0 14 2 0 0 0 0 0 0 21 0 0 12 7 0 0 0 0 0 0
