0 1 0 0 0 0 0 0 0 0 23 14 0 0 0 0 0 0 16 0 24 25 0 0 0
0 0 3 0 0 0 0 0 0 4 0 0 7 0 0 8 5 2 17 9 0 14 0 0 0
0 0 0 16 17 9 20 0 19 0 0 0 0 12 8 0 0 0 0 0 10 0 21 0 11
7 18 0 0 0 0 8 5 0 0 0 0 9 0 11 4 0 0 0 0 0 0 0 0 0
0 0 0 0 5 0 12 0 16 0 0 0 18 0 0 0 7 0 0 0 0 6 0 0 4
0 0 10 0 0 14 11 0 0 0 0 0 1 0 0 18 17 0 0 0 23 0 24 0 0
1 0 0 0 18 0 0 3 0 5 0 16 0 11 0 0 24 0 0 6 0 15 0 0 19
20 0 11 0 15 7 0 0 0 17 0 0 0 14 0 0 8 0 1 4 0 0 0 0 21
0 0 0 9 0 0 23 0 0 0 0 0 0 0 4 0 0 5 0 10 0 0 0 7 18
23 0 0 0 0 0 6 0 0 10 0 0 17 15 0 11 0 0 0 3 0 0 0 0 2
0 0 0 1 0 3 0 0 0 0 10 0 12 16 0 0 13 23 24 0 0 0 15 19 0
24 0 0 0 4 0 0 0 12 0 0 0 0 0 0 15 0 0 18 0 0 0 0 0 3
25 0 13 0 0 0 0 23 0 0 0 8 0 18 0 0 0 0 0 11 0 0 1 0 7
0 0 0 0 0 0 0 18 0 25 1 0 0 0 22 0 0 7 0 0 0 0 0 24 0
0 22 9 11 20 0 0 16 17 0 0 0 0 0 0 0 3 0 5 0 21 0 0 0 12
0 0 0 13 0 24 0 0 0 12 0 0 0 0 0 0 20 14 0 18 17 0 0 0 0
0 15 0 0 0 0 0 17 14 0 0 0 0 0 0 0 0 0 0 0 0 1 0 0 0
3 6 0 0 0 18 0 0 0 0 0 0 0 23 0 7 0 0 9 0 11 4 5 0 0
0 17 0 19 25 0 0 8 5 0 0 13 0 22 10 0 0 15 11 0 0 0 0 16 0
0 20 0 0 0 0 9 1 0 15 0 17 14 4 0 0 0 22 0 0 6 0 7 3 25
0 0 0 0 0 0 17 0 0 2 0 25 16 10 24 5 0 8 23 0 7 19 18 0 6
11 5 0 0 7 0 0 0 3 0 0 0 0 0 0 0 0 13 21 0 12 2 0 17 0
0 0 2 0 0 0 0 0 0 0 21 0 22 3 1 0 12 0 0 20 0 8 0 0 10
0 14 0 0 10 8 0 0 0 0 0 0 0 0 0 22 0 0 25 2 0 0 0 11 0
19 0 21 24 8 22 0 0 0 0 13 0 0 0 0 0 11 0 4 0 15 0 3 0 0
