13 0 0 23 0 7 0 0 0 25 16 0 0 18 5 0 0 0 0 0 0 4 8 0 0
0 7 0 0 0 14 13 0 0 0 22 0 0 0 25 0 0 12 0 0 1 3 0 19 0
15 16 0 0 0 0 5 0 23 0 0 0 10 0 2 0 0 0 11 17 0 0 0 13 0
0 0 0 0 0 8 0 1 0 0 0 19 0 0 0 0 0 24 0 0 16 22 5 0 0
2 0 0 0 0 0 16 0 0 24 4 0 13 6 8 0 0 25 0 18 0 9 0 0 20
0 0 0 15 0 24 0 0 3 13 0 17 21 23 0 0 0 0 0 8 0 2 9 0 0
0 0 11 0 0 0 0 16 0 5 0 0 0 25 0 0 23 0 20 0 0 21 0 0 0
0 0 0 1 13 23 0 4 0 15 5 0 0 0 18 0 14 2 21 3 22 10 0 24 0
20 0 25 0 0 0 21 0 18 0 0 0 14 0 0 0 16 13 0 5 3 11 23 6 0
0 0 0 0 0 22 11 6 0 0 3 0 9 13 0 0 0 0 25 10 0 0 0 0 4
0 0 6 0 0 0 0 21 0 0 0 25 16 0 0 0 0 1 0 0 0 0 22 0 0
0 0 1 0 0 0 0 0 0 0 0 0 3 20 0 0 4 0 0 12 8 5 0 0 10
0 0 0 0 0 0 0 0 25 17 0 0 0 0 0 10 5 0 0 0 0 19 20 0 0
0 0 0 0 0 0 0 0 0 0 0 8 0 0 0 0 0 0 0 0 0 14 0 0 0
0 18 0 0 0 0 8 10 16 0 0 0 0 21 0 25 0 0 24 22 17 0 0 0 0
0 0 24 0 0 16 0 0 0 0 0 0 25 0 0 1 0 0 6 23 0 7 13 0 0
0 25 14 0 0 21 19 0 6 0 0 0 0 0 13 2 0 0 0 0 0 17 0 0 0
0 0 5 0 0 25 0 11 0 9 0 0 1 0 24 0 0 0 13 0 0 0 0 0 0
6 15 0 0 1 0 0 0 0 0 0 18 0 0 0 0 0 0 16 14 0 0 19 0 25
11 0 0 13 0 1 0 0 0 0 0 0 22 4 0 18 0 0 0 25 15 0 16 0 0
0 0 0 0 0 0 1 0 8 0 9 2 0 0 0 0 0 0 3 0 25 6 11 0 0
25 23 0 0 0 0 4 0 0 0 15 14 11 8 3 0 0 0 1 0 0 0 24 0 0
0 4 0 21 0 0 2 0 0 11 0 0 23 5 0 0 0 20 0 0 0 0 17 0 7
1 0 0 0 0 0 6 0 0 0 25 0 4 0 0 0 0 23 0 0 0 12 3 0 0
0 11 16 6 0 0 0 9 5 0 1 0 7 0 0 24 25 0 0 0 0 8 0 15 0
