0 0 12 0 18 0 13 0 0 4 0 0 22 0 1 0 0 25 0 20 0 0 8 0 0
0 6 5 0 11 0 0 1 23 24 0 21 17 9 0 0 0 4 0 0 0 0 13 19 0
20 0 0 0 0 0 3 0 7 12 2 4 0 0 0 22 0 0 5 0 0 21 0 24 0
0 0 0 0 0 0 5 0 0 22 0 0 0 0 8 10 0 0 14 0 20 0 0 0 1
0 10 2 0 23 0 8 9 0 0 19 0 0 16 24 17 1 0 6 0 0 0 0 0 4
0 0 9 0 0 0 0 0 0 0 22 0 0 0 0 0 0 0 0 0 0 0 0 3 0
19 0 14 0 15 0 0 25 0 0 0 11 0 1 0 0 22 18 3 0 0 0 9 0 12
18 7 0 0 0 0 0 24 3 0 13 0 0 0 0 0 25 0 0 2 16 0 0 8 14
23 25 0 0 0 0 0 0 0 11 0 3 0 0 0 9 0 0 15 1 0 24 19 6 0
0 0 3 5 0 13 1 4 0 0 0 0 0 0 0 0 8 0 0 17 23 25 22 0 21
0 0 22 0 14 12 9 0 25 0 0 18 6 0 0 0 0 13 0 0 0 0 0 0 0
0 19 0 0 3 0 0 0 0 0 0 22 10 23 0 0 9 0 17 0 0 6 0 7 0
25 0 15 0 0 19 6 0 14 0 24 0 11 0 0 0 4 1 23 22 0 0 17 9 0
0 0 0 13 0 17 0 21 0 0 0 0 0 0 5 0 0 0 8 0 19 0 0 0 0
0 20 0 0 0 0 0 2 0 0 0 0 0 0 0 0 0 0 0 0 22 12 24 13 25
0 0 0 24 25 0 0 6 0 0 7 0 0 0 0 0 14 0 0 11 0 0 12 0 0
0 0 0 2 0 0 0 0 24 0 0 0 20 0 0 0 0 17 0 0 0 13 0 0 6
14 0 0 21 5 1 0 0 0 0 0 19 0 0 0 4 0 0 9 0 0 0 20 0 22
10 0 0 0 0 0 0 5 0 0 0 0 0 0 22 1 0 0 24 0 0 0 21 0 0
0 0 7 12 13 14 0 11 0 0 0 15 16 0 0 2 0 0 0 0 9 0 0 18 0
9 0 0 14 0 0 25 0 0 0 0 17 0 0 0 0 0 0 2 0 1 0 0 0 13
13 0 0 16 0 5 19 12 0 0 1 0 8 0 0 0 0 6 0 0 0 9 3 0 0
0 0 25 0 0 9 0 0 0 0 10 0 0 0 0 0 0 0 13 0 11 0 6 0 0
8 17 0 0 0 0 0 7 0 0 0 0 9 0 11 0 0 5 0 0 24 0 2 22 0
5 0 0 0 0 11 4 0 0 0 3 13 0 0 0 0 0 0 0 0 0 0 0 0 0
