0 0 9 0 17 0 0 12 13 0 0 0 24 14 25 0 1 2 0 11 0 0 0 0 0
21 0 0 0 6 25 0 0 8 0 0 0 0 0 0 0 0 0 14 0 0 0 10 0 0
2 1 0 0 0 0 18 0 0 0 0 0 13 0 8 0 4 0 6 22 0 0 14 15 16
4 0 0 0 0 0 11 0 19 3 0 0 16 0 0 0 7 0 9 0 25 0 0 0 0
0 14 11 15 18 1 2 0 21 0 4 0 0 10 0 0 24 19 25 20 7 0 12 0 0
0 20 0 3 0 12 0 2 0 10 0 0 18 0 0 0 16 0 0 13 0 5 0 0 9
0 0 0 0 9 0 0 0 0 0 0 0 0 24 1 0 0 25 19 12 0 0 0 0 0
0 0 0 0 0 0 21 0 0 18 0 0 0 6 0 0 0 0 0 3 23 0 16 25 12
23 0 0 4 14 0 24 0 0 20 5 0 0 0 0 0 0 0 0 0 0 1 0 18 0
0 0 0 17 15 9 0 0 0 5 0 0 4 0 23 0 0 7 0 0 0 14 3 0 0
0 0 2 21 0 0 0 0 0 0 0 0 0 0 12 0 17 0 0 25 0 0 0 0 0
0 9 0 18 0 0 12 0 0 21 17 10 0 0 0 0 0 3 0 24 0 4 2 0 0
0 13 0 0 5 0 0 1 10 0 0 0 19 0 14 7 0 0 0 0 22 0 0 0 6
12 16 1 0 8 19 13 17 0 0 0 0 11 0 0 0 0 0 10 0 0 0 0 23 0
0 0 0 0 0 20 0 5 24 0 0 0 0 0 16 13 0 0 18 0 0 0 0 0 0
0 5 19 0 0 0 1 0 4 0 10 22 0 0 0 20 0 17 0 0 0 23 0 0 0
0 0 0 6 0 5 14 0 0 16 0 0 0 20 0 0 19 9 0 8 0 0 1 0 7
18 0 0 0 24 0 0 0 12 0 0 14 0 11 0 0 0 0 0 23 0 0 0 6 22
0 0 16 2 23 11 0 0 0 0 0 0 0 0 24 0 0 18 22 0 0 0 0 0 0
0 3 14 0 0 24 0 13 0 23 6 0 0 0 0 0 11 10 0 0 0 12 0 0 0
0 0 15 9 0 7 0 0 2 0 0 0 14 0 0 0 3 0 0 0 18 22 0 0 0
25 6 18 0 16 0 0 22 0 0 0 0 0 21 0 12 0 0 0 0 0 0 24 0 0
10 24 4 0 0 18 3 0 0 11 0 0 0 15 17 0 0 0 7 0 12 0 0 0 0
1 0 0 14 0 0 0 0 20 0 18 0 0 0 0 0 0 0 13 0 6 16 0 0 23
0 0 0 7 0 23 0 0 9 0 0 0 0 16 0 0 0 0 0 10 0 0 0 0 0
