0 0 7 0 0 0 0 0 0 25 0 0 9 8 0 1 16 0 0 0 0 18 0 20 0
25 0 0 0 0 0 4 0 0 7 0 17 1 0 22 19 18 0 0 23 21 0 0 0 0
0 0 15 0 0 0 8 1 11 0 0 18 0 0 0 0 0 0 0 0 0 7 25 0 6
0 0 8 0 0 0 0 20 0 21 0 0 5 13 0 25 0 0 15 0 22 0 0 0 0
13 0 5 0 23 6 0 0 0 17 0 20 0 0 0 22 0 3 0 0 12 0 4 0 0
0 0 0 0 0 18 0 0 0 0 20 0 0 0 13 21 19 23 0 0 4 0 0 0 10
0 0 23 24 25 0 0 0 0 0 0 0 0 7 0 0 1 13 14 20 0 17 2 3 5
0 7 0 13 0 0 17 22 0 0 0 5 0 0 14 0 0 0 4 0 0 19 20 1 0
3 8 0 0 0 20 0 0 5 0 25 0 0 0 9 17 10 0 0 0 0 16 0 21 0
0 0 11 0 0 24 16 0 8 0 0 2 0 0 0 0 5 0 7 9 13 0 0 0 0
0 0 0 0 15 0 0 8 0 4 0 0 0 0 5 0 0 0 0 2 10 0 7 0 0
14 16 25 0 0 0 0 13 10 22 0 0 18 23 3 0 6 0 0 0 1 0 0 0 0
0 0 20 0 0 23 21 0 0 19 0 0 2 0 0 0 0 10 0 0 0 12 0 0 0
0 0 0 0 0 0 12 0 0 0 15 8 0 25 0 16 20 0 0 13 0 0 0 2 0
0 18 24 7 9 0 0 0 1 0 0 0 0 0 0 0 0 12 5 0 0 25 0 0 0
0 0 21 17 0 0 15 0 7 0 0 12 19 0 0 0 0 2 0 0 0 0 16 0 0
0 0 22 0 0 0 23 0 0 14 0 0 8 0 0 0 0 0 25 19 0 0 10 0 18
0 25 0 0 0 0 19 0 0 0 10 21 0 0 0 20 7 24 0 8 0 0 0 4 0
0 0 0 0 1 17 0 0 21 0 23 0 0 0 0 18 0 0 0 0 19 0 0 0 0
0 0 10 0 0 0 25 0 0 0 3 0 17 0 0 12 0 0 0 21 2 0 0 24 0
0 0 17 0 11 7 0 0 0 0 0 16 0 0 1 0 24 0 0 0 0 0 0 10 9
0 0 0 0 0 2 0 17 0 0 13 22 0 0 0 5 0 0 0 0 0 8 0 0 0
0 13 0 8 0 11 0 0 19 0 0 23 6 0 0 7 0 0 21 0 0 0 0 22 0
0 0 0 0 2 0 5 12 0 0 18 25 14 11 0 0 0 0 0 4 0 0 0 0 0
0 0 0 5 0 0 0 0 23 0 0 9 0 19 0 8 0 20 0 0 11 2 12 0 0
