0 15 0 18 0 3 0 0 0 5 0 0 0 25 13 21 0 7 8 0 0 0 2 0 0
22 23 24 25 0 0 0 0 18 0 19 0 0 0 0 3 9 0 1 14 0 0 0 0 0
2 4 0 0 0 10 0 0 0 0 0 0 0 24 12 0 13 0 0 0 18 0 0 0 0
0 0 0 12 20 0 0 11 21 13 10 0 0 0 0 0 22 4 0 0 1 0 6 0 14
0 0 0 17 0 0 0 0 0 15 11 0 0 0 18 6 12 2 0 19 16 0 0 0 0
0 0 0 7 4 12 0 2 8 0 0 19 0 16 25 0 11 0 0 0 0 0 0 3 17
0 0 0 13 25 0 0 16 11 0 0 0 0 0 0 20 3 0 15 0 0 2 18 22 5
0 0 0 21 0 0 0 0 0 0 0 22 0 0 24 0 0 0 0 12 0 8 11 0 0
0 18 12 0 0 21 0 0 0 0 0 11 0 0 0 16 0 8 4 0 0 0 0 0 0
0 0 0 0 0 0 0 0 0 23 0 0 0 0 21 14 0 0 0 2 12 13 0 0 0
0 0 8 5 18 4 0 0 0 10 17 9 22 0 0 1 16 0 0 0 0 25 0 0 19
9 0 0 0 0 1 0 0 0 0 0 0 0 4 10 25 0 0 0 18 8 0 0 0 16
4 16 0 0 22 0 0 21 0 0 0 0 0 0 0 0 0 3 0 0 0 0 0 9 18
0 24 0 11 1 0 0 22 0 0 8 0 0 0 0 0 0 0 0 0 0 4 0 0 0
21 0 0 0 0 0 0 0 19 0 0 0 0 14 0 0 4 9 17 0 0 0 0 0 22
0 0 17 0 13 0 0 0 1 0 15 0 0 11 0 0 14 6 0 0 0 18 0 0 0
3 0 1 22 23 14 0 0 0 17 0 0 0 21 0 0 20 19 25 0 0 0 0 12 0
0 0 7 0 0 0 12 0 0 0 0 0 0 0 22 0 0 18 0 0 0 0 20 0 1
0 0 0 10 24 18 0 8 0 0 25 0 0 0 14 17 0 0 22 0 0 0 15 0 0
0 5 0 9 0 0 22 23 0 25 0 0 8 0 0 0 0 0 0 3 0 19 0 0 0
0 0 0 0 0 8 0 18 4 6 0 0 0 15 0 0 0 5 0 0 17 0 19 0 0
0 0 19 0 0 0 0 0 0 0 3 0 0 0 0 0 0 21 0 16 0 9 0 6 10
6 8 0 0 0 0 0 0 0 0 5 0 0 19 4 0 17 13 2 0 0 0 0 18 23
18 0 0 0 17 0 0 0 2 24 0 0 9 0 0 12 0 0 0 0 13 14 0 5 0
0 0 5 14 9 13 0 0 0 0 16 0 0 0 0 19 0 11 0 0 3 0 4 0 0
