16 0 0 0 0 0 0 0 0 0 0 6 0 0 0 0 0 0 0 9 12 13 23 0 0
0 0 0 23 0 1 0 12 0 14 8 9 3 0 0 0 17 19 25 0 0 0 0 0 0
0 0 0 0 0 0 8 0 0 0 0 0 0 0 0 0 11 16 23 24 0 0 0 0 0
7 0 9 12 0 3 5 6 0 0 11 0 0 21 22 1 0 0 0 0 0 0 19 0 0
0 0 0 0 0 4 16 0 0 20 0 0 0 0 0 0 7 0 21 22 1 0 0 0 9
0 15 8 0 0 0 20 0 0 0 0 0 11 0 16 0 0 0 0 0 3 4 5 0 12
23 0 24 0 0 11 13 3 0 0 1 0 0 0 0 0 0 2 0 0 0 0 9 0 0
0 4 0 0 0 0 0 0 0 24 17 0 0 0 3 0 15 0 0 8 7 10 11 0 25
0 0 12 0 0 0 0 8 0 0 0 4 0 20 0 0 0 0 0 1 0 0 0 0 0
0 0 0 14 0 7 0 0 0 21 0 5 9 22 0 0 0 0 11 0 0 16 15 0 23
21 0 17 15 11 0 0 0 0 1 0 0 0 12 5 16 0 9 2 0 0 3 0 0 0
0 14 0 0 0 24 0 0 0 0 25 0 18 0 9 15 13 0 3 0 4 12 21 0 0
0 9 0 0 13 0 19 0 8 0 0 10 0 0 0 21 0 22 0 6 18 0 0 0 1
0 0 0 0 0 0 9 0 3 15 0 21 4 0 0 24 0 0 0 0 0 0 2 0 5
4 0 0 0 0 18 0 0 0 0 0 15 0 0 11 0 0 0 0 12 13 8 0 0 0
0 0 0 0 22 13 12 0 0 0 18 0 0 16 21 0 0 7 0 3 0 25 6 15 4
0 0 7 0 0 0 15 0 0 0 0 0 0 0 0 0 0 0 0 0 0 17 0 0 0
1 13 0 0 0 0 0 25 0 0 0 0 6 10 0 0 0 0 12 0 0 0 0 0 3
17 0 0 6 0 0 0 0 21 0 0 0 15 0 12 4 25 0 0 0 11 1 0 22 0
20 0 0 0 0 14 0 11 0 16 0 0 22 0 0 0 0 0 0 0 0 0 0 2 0
24 0 14 0 0 0 0 0 0 18 0 0 8 0 25 0 0 10 0 0 0 0 17 0 0
25 0 0 0 0 15 14 0 20 0 19 1 0 6 0 8 0 11 0 0 0 0 22 0 10
8 0 13 11 15 0 0 10 0 3 0 0 20 5 23 12 0 0 0 17 0 0 0 0 0
0 0 0 0 0 0 0 16 0 0 12 0 21 0 0 19 0 0 20 13 9 0 18 0 8
0 0 3 0 0 8 1 0 0 0 15 0 0 0 17 0 0 0 0 0 0 11 4 0 2
