0 18 0 0 22 0 0 0 11 0 0 0 0 0 13 15 4 0 0 20 7 0 10 0 0
0 0 1 0 8 4 12 0 0 6 0 0 15 0 0 0 0 0 0 0 0 0 0 0 0
0 16 0 0 0 0 0 19 20 0 0 0 0 0 0 0 0 12 0 22 8 0 13 6 0
0 0 9 0 0 14 0 10 0 0 18 19 0 21 0 0 0 0 0 0 0 0 0 0 0
10 0 13 14 20 0 23 0 0 0 0 0 0 0 0 0 0 19 1 21 4 0 15 17 0
0 0 0 0 0 0 0 0 23 0 0 16 0 0 0 24 18 0 0 0 0 25 0 0 0
0 22 0 4 0 0 0 0 0 0 0 2 0 19 0 0 0 15 0 0 0 0 14 0 0
0 12 11 8 0 0 25 17 0 0 1 3 0 0 0 13 0 0 16 7 0 0 0 20 15
0 0 0 0 3 0 0 16 19 0 0 0 21 0 0 0 2 11 0 0 0 0 0 5 0
0 2 17 0 0 0 0 0 0 0 0 0 0 0 0 20 0 3 0 19 0 0 0 0 0
0 0 0 0 0 16 0 15 0 12 14 0 9 0 1 4 22 24 0 0 0 13 0 0 0
0 0 0 0 13 0 22 0 6 9 0 17 0 8 0 0 20 25 0 0 0 0 1 0 0
0 0 0 16 0 2 0 0 0 7 0 18 0 13 4 17 12 0 21 1 0 0 0 0 0
0 0 0 0 0 10 0 0 21 18 0 0 0 0 0 7 0 0 0 0 0 0 0 16 0
11 10 6 0 0 13 0 1 0 20 0 0 12 0 7 0 16 0 3 0 22 17 0 0 19
0 0 0 20 19 0 0 0 0 5 0 15 10 1 8 0 0 0 0 0 0 0 16 0 0
13 0 10 0 0 23 6 7 18 19 20 0 4 0 0 14 0 0 25 0 0 0 0 8 0
0 0 0 22 0 0 0 0 0 15 0 23 0 0 2 0 13 0 8 0 25 0 0 0 0
0 0 18 0 2 8 0 9 22 0 21 0 0 0 11 6 0 10 15 0 20 0 17 0 3
0 0 5 0 0 12 16 20 0 0 24 0 17 0 0 0 0 0 0 0 0 21 7 0 0
12 19 24 0 0 20 0 0 0 16 0 0 0 0 0 0 25 6 0 13 0 0 0 11 0
0 0 0 0 0 24 0 0 0 0 0 4 0 0 19 0 0 7 20 0 9 0 22 0 0
22 0 3 0 0 0 2 14 1 23 0 0 0 0 21 0 5 0 0 0 0 0 0 0 0
0 21 0 0 17 0 19 0 15 0 0 13 18 22 0 0 0 4 2 3 0 0 0 0 1
0 7 20 2 0 9 0 0 0 0 0 0 0 0 0 21 15 0 0 0 0 0 0 13 5
