10 0 0 0 8 0 0 9 15 0 0 0 7 3 11 0
2 0 0 8 0 0 3 0 0 0 5 7 0 0 12 16
0 12 0 9 0 14 16 0 0 0 0 0 0 0 15 0
0 4 0 16 13 0 5 0 10 2 9 0 0 0 0 0
0 5 0 0 0 0 0 13 0 0 0 0 4 0 9 0
0 0 1 0 4 0 0 0 0 0 7 0 5 0 0 0
4 0 0 0 11 0 0 0 12 0 0 0 16 0 10 3
0 0 0 0 0 7 0 12 5 0 15 3 0 2 8 14
6 11 10 0 15 12 0 8 16 0 3 0 0 0 0 0
9 2 0 4 0 0 0 7 0 0 0 10 0 0 0 1
0 0 0 14 0 11 0 0 0 0 0 8 0 15 0 0
0 1 0 5 0 0 0 0 2 0 0 0 0 0 4 0
0 0 0 0 0 4 11 5 0 12 0 9 3 0 13 0
0 16 0 0 0 0 0 0 0 15 13 0 11 0 1 0
5 10 0 0 14 6 0 0 0 7 0 0 8 0 0 9
0 7 14 6 0 0 0 3 4 0 0 16 0 0 0 10