7 0 16 0 0 12 5 3 0 1 8 15 0 0 0 13
0 6 0 13 0 2 16 8 9 0 0 0 0 1 14 4
0 0 2 15 0 0 0 0 0 14 0 0 0 0 0 0
0 9 0 0 0 14 0 0 0 16 0 5 0 7 3 0
14 1 0 0 0 0 3 0 0 0 0 0 0 0 4 0
15 8 13 3 7 0 0 11 0 0 4 0 0 0 5 0
0 5 11 0 4 15 10 16 7 0 0 0 0 0 1 8
0 0 6 10 0 8 0 1 5 0 0 9 12 15 11 0
0 7 9 2 5 0 0 13 15 0 1 0 4 16 0 0
11 3 0 0 0 0 0 9 10 7 13 4 0 12 6 0
0 13 0 0 0 7 0 0 3 0 0 12 14 11 9 1
0 10 0 0 0 0 0 0 0 9 0 0 0 0 7 5
0 11 8 0 3 0 9 0 0 0 7 0 0 0 12 0
0 0 0 0 0 0 11 0 0 0 0 0 7 14 0 0
13 15 4 0 0 0 0 14 1 12 5 0 6 0 8 0
12 0 0 0 6 1 2 0 11 13 3 0 0 4 0 10