0 1 0 8 0 0 0 0 0 6 0 13 4 11 12 0
0 0 11 0 0 0 0 0 9 0 0 3 0 10 0 14
0 0 0 0 0 0 10 1 0 0 8 0 3 0 9 6
0 0 2 0 15 0 0 13 0 0 12 14 0 0 0 0
0 6 0 9 10 2 0 16 0 12 0 0 7 0 4 0
3 7 0 2 0 0 12 0 0 11 0 4 16 0 13 0
10 0 5 1 0 13 0 9 0 0 0 0 15 8 0 12
12 0 0 0 0 0 3 7 0 0 13 0 0 6 1 0
0 2 4 0 0 11 0 0 12 15 0 0 0 0 0 1
1 0 7 14 0 0 0 0 4 0 11 0 5 9 0 3
0 12 0 16 5 0 8 0 0 9 0 0 6 0 10 2
0 8 0 15 0 0 13 0 14 0 5 2 12 0 11 0
0 0 0 0 8 15 0 0 1 0 0 7 0 2 0 0
7 9 0 3 0 6 0 0 2 5 0 0 0 0 0 0
2 0 15 0 14 0 0 4 0 0 0 0 0 12 0 0
0 14 8 11 7 0 5 0 0 0 0 0 9 0 6 0