0 14 0 13 0 0 0 4 0 0 12 15 9 16 0 11
2 0 0 3 0 11 1 0 10 0 16 0 0 8 0 13
0 0 0 7 3 0 0 5 0 0 0 2 4 0 0 1
8 0 0 0 0 7 0 0 0 11 0 0 0 0 6 0
0 9 0 0 0 5 10 14 0 0 0 0 0 13 0 0
16 0 4 0 0 0 6 9 0 12 13 0 0 0 8 0
14 0 0 0 0 0 0 16 0 0 0 7 6 0 1 0
13 6 0 0 7 0 4 0 0 0 0 0 0 0 16 10
11 8 0 0 0 0 0 0 0 10 0 1 0 0 13 15
0 13 0 16 6 0 0 0 7 0 0 0 0 0 0 2
0 7 0 0 0 9 2 0 8 14 0 0 0 3 0 4
0 0 14 0 0 0 0 0 12 2 3 0 0 0 9 0
0 10 0 0 0 0 16 0 0 0 2 0 0 0 0 12
1 0 0 4 11 0 0 0 14 0 0 8 2 0 0 0
7 0 16 0 0 6 0 2 0 13 1 0 8 0 0 9
5 0 2 6 14 3 0 0 9 0 0 0 10 0 7 0