3 0 16 2 12 0 0 0 4 15 10 0 11 0 0 9
0 7 0 0 5 0 3 6 16 2 0 9 0 0 0 0
1 6 0 0 8 9 0 0 14 0 11 0 0 3 2 10
0 0 0 0 0 4 0 0 7 0 8 0 0 16 0 0
0 0 15 3 10 5 0 1 0 11 9 0 6 0 14 0
12 0 0 1 7 6 0 0 10 4 14 0 0 0 11 3
10 0 0 7 0 0 8 0 0 0 13 0 0 15 1 0
0 11 0 0 0 0 0 0 5 0 0 7 0 0 0 0
0 0 0 0 3 0 0 4 0 0 0 0 0 0 16 0
0 2 10 0 0 8 0 0 0 14 0 0 13 0 0 5
6 3 0 0 0 12 14 11 0 0 5 16 8 0 0 1
0 4 0 8 0 16 1 0 11 0 2 13 9 6 0 0
0 0 8 0 0 1 0 5 0 0 16 0 0 0 0 0
7 16 11 0 0 10 0 3 0 0 15 5 0 0 9 6
0 0 0 0 9 0 6 8 2 7 0 14 0 0 10 0
5 0 0 14 0 2 11 12 0 0 0 4 15 13 0 8