0 7 8 0 0 11 0 14 0 0 6 0 0 3 0 0
14 0 6 11 0 13 1 0 8 15 0 12 0 0 0 2
0 0 2 9 0 0 0 0 0 0 13 10 0 0 1 0
0 5 0 1 0 7 0 0 0 9 0 0 8 0 0 0
0 0 0 4 9 0 0 0 11 8 2 0 0 12 5 0
2 9 0 0 0 4 0 5 0 0 0 16 0 15 10 7
0 0 0 0 0 12 0 0 4 0 0 9 0 14 0 3
0 12 1 0 11 2 7 0 0 13 0 14 4 6 9 0
0 1 9 7 12 0 11 0 0 4 16 15 0 5 3 0
12 0 11 0 14 0 0 13 0 0 8 0 0 0 0 0
8 6 3 0 10 0 0 0 9 0 14 0 0 0 11 15
0 4 10 0 0 3 9 7 0 0 0 13 6 0 0 0
0 0 0 6 0 0 8 0 0 0 15 0 3 0 12 0
0 15 0 0 7 9 0 0 0 0 0 0 14 2 0 0
10 0 0 0 6 0 15 2 0 5 9 0 7 1 0 16
0 0 7 0 0 16 0 0 13 0 3 0 0 9 15 0