0 1 0 13 0 7 0 5 12 15 0 0 0 0 0 10
7 12 4 0 10 0 0 0 0 1 0 11 0 0 14 2
16 5 0 0 0 11 13 0 8 0 14 0 0 0 0 0
0 0 0 14 4 0 9 3 2 13 0 0 15 0 0 16
0 0 0 0 0 10 0 0 0 0 9 6 0 0 0 12
0 0 0 1 0 0 0 0 5 12 0 4 6 13 0 0
5 0 0 0 0 0 0 0 13 0 0 0 0 3 8 0
0 0 12 2 7 4 0 0 0 11 15 14 0 16 9 0
0 4 14 0 15 6 11 0 0 0 2 3 16 12 0 0
0 11 1 0 0 0 0 14 0 0 0 0 0 0 0 9
0 0 7 10 3 0 12 4 0 0 0 0 14 0 0 0
6 0 0 0 8 1 0 0 0 0 12 0 0 0 0 0
14 0 0 6 0 0 7 1 15 16 0 2 9 0 0 0
0 0 0 0 0 13 0 6 0 7 3 0 0 0 16 15
4 16 0 0 11 0 10 0 0 0 0 9 0 2 1 3
1 0 0 0 0 0 16 15 11 0 5 0 10 0 12 0