0 0 9 12 14 0 0 0 0 3 0 0 5 13 8 0
0 7 0 4 5 0 0 6 11 15 0 12 0 0 0 0
11 5 2 3 0 12 9 0 0 0 6 0 0 10 0 14
0 0 8 0 0 0 0 0 0 2 0 0 0 0 0 0
0 0 1 10 0 0 0 5 0 0 0 0 15 0 12 0
0 6 12 0 0 4 0 0 0 1 0 8 9 14 0 10
2 0 7 0 3 16 12 0 9 0 5 14 0 8 0 0
3 0 0 0 1 0 0 0 10 0 12 13 0 0 5 0
0 9 0 0 6 5 0 7 0 0 0 3 0 0 0 16
0 0 6 0 16 11 0 9 0 8 4 5 0 12 0 13
5 0 15 11 8 0 14 0 0 0 16 0 0 2 10 0
0 10 0 16 0 0 0 0 12 0 0 0 14 9 0 0
0 0 0 0 0 0 5 0 0 0 0 0 0 3 0 0
15 0 5 0 0 8 0 0 0 13 1 0 10 6 14 9
0 0 0 0 9 0 3 4 6 0 0 11 12 0 2 0
0 12 10 14 0 0 15 0 0 0 0 2 16 1 0 0