0 0 0 0 13 0 0 6 16 0 0 0 0 0 0 11
0 2 14 7 0 0 0 10 0 0 0 0 0 12 0 0
0 6 0 0 0 14 0 0 2 10 8 12 3 0 16 5
11 0 8 0 0 0 0 0 3 0 0 0 0 0 0 0
0 12 0 11 0 0 0 0 15 0 0 0 0 0 0 0
0 0 9 5 0 1 12 0 13 16 0 0 15 0 0 10
7 1 0 2 0 4 11 9 10 5 6 8 13 0 12 0
0 0 16 0 10 0 13 5 0 14 0 0 2 0 7 0
0 8 0 6 0 0 5 0 7 15 0 11 0 3 0 0
0 11 0 10 9 15 7 13 6 3 2 0 12 0 1 14
14 0 0 3 0 0 16 2 0 1 5 0 11 15 0 0
0 0 0 0 0 0 0 3 0 0 0 0 16 0 9 0
0 0 0 0 0 0 0 14 0 0 0 0 0 11 0 3
3 13 0 15 7 12 1 11 0 0 10 0 0 0 5 0
0 0 11 0 0 0 0 0 1 0 0 0 8 9 6 0
1 0 0 0 0 0 0 15 12 0 0 16 0 0 0 0