1 0 0 0 14 3 13 0 16 0 0 20 0 0 0 0 8 0 0 0
0 0 0 0 1 0 19 0 0 2 0 0 18 0 0 0 0 17 0 0
0 0 0 0 0 11 0 0 9 0 5 0 20 0 0 15 0 0 1 0
15 0 20 2 0 16 0 0 7 0 0 0 0 11 0 3 0 0 0 13
0 0 0 0 0 0 6 0 0 0 1 15 0 0 0 0 10 0 3 0
18 0 0 3 9 6 0 0 13 7 10 0 0 20 12 0 0 0 8 0
0 2 6 0 0 0 0 0 0 0 0 3 0 0 0 0 0 1 10 16
9 0 0 0 0 0 0 0 0 0 16 0 0 0 18 0 19 0 0 0
10 12 0 0 0 7 0 0 0 0 0 0 0 17 15 0 0 0 0 9
0 0 0 0 2 13 0 16 20 0 0 0 0 10 0 0 0 0 18 17
0 0 8 14 6 0 0 0 1 0 17 7 15 0 0 20 0 10 0 3
0 0 0 0 0 0 0 7 0 0 0 4 0 6 0 14 0 0 0 0
2 0 0 0 20 17 16 9 0 0 13 0 0 1 0 5 14 18 0 0
4 0 19 0 0 0 11 0 0 0 0 0 9 12 0 0 0 6 0 0
0 0 11 0 0 0 4 0 0 6 0 9 0 0 19 18 0 16 20 8
19 0 15 6 0 14 0 1 0 0 0 0 0 0 0 0 2 0 0 10
0 5 2 11 0 19 0 0 0 0 0 0 0 0 0 10 0 0 0 0
13 3 0 0 0 0 0 4 15 1 0 0 0 0 20 16 0 9 0 11
8 4 0 1 0 0 12 0 0 0 0 2 0 0 0 0 0 0 0 0
12 0 14 0 0 20 0 0 0 3 0 0 0 0 6 9 1 0 0 0
