0 0 0 0 0 0 0 3 15 0 0 0 0 0 8 0 0 9 19 13
0 0 0 0 0 0 11 7 0 0 0 0 0 9 0 0 0 0 0 0
0 0 18 0 0 0 0 0 8 0 0 0 11 3 12 0 0 2 0 0
0 0 0 0 0 0 8 0 0 0 13 10 0 0 0 0 0 0 3 14
6 0 17 0 18 10 0 0 4 0 0 7 0 16 0 0 0 0 8 0
0 0 11 16 15 0 0 0 3 4 0 0 7 0 10 0 0 0 0 0
7 18 19 20 0 0 0 16 0 10 0 0 0 0 0 0 0 1 0 0
9 10 13 0 0 12 14 0 0 6 0 0 0 0 0 1 0 7 16 17
0 0 0 0 0 0 0 10 0 0 0 0 0 0 0 0 0 14 0 15
12 0 3 0 4 0 6 0 0 0 0 2 0 0 0 0 9 10 0 0
0 0 0 0 0 0 0 0 10 9 0 0 0 0 3 0 0 0 0 0
0 0 0 0 0 13 0 11 19 0 0 5 9 0 16 0 1 3 0 6
0 19 14 0 0 0 2 15 0 16 12 1 5 8 0 0 0 0 0 0
0 0 0 0 10 0 7 0 0 0 18 3 0 0 0 0 8 20 0 0
0 0 0 0 0 0 0 0 17 0 0 11 18 0 0 0 0 0 0 0
0 15 0 13 16 0 4 0 20 0 10 0 8 0 0 9 5 0 17 0
5 17 0 0 0 0 15 0 0 0 0 8 0 0 0 0 0 13 6 1
0 4 2 0 13 0 0 0 0 18 1 0 3 12 5 0 0 15 0 0
16 20 0 3 11 0 0 17 0 0 4 0 14 0 7 0 10 0 2 0
1 0 0 0 7 0 0 9 0 13 0 0 20 0 0 0 0 4 18 16
