0 0 0 8 0 0 0 11 0 0 0 0 16 13 0 14 20 0 0 0
12 0 0 0 0 0 0 1 0 18 0 0 17 0 10 0 19 0 6 11
0 0 0 11 0 0 6 0 0 0 0 0 1 0 18 7 0 0 12 0
0 0 0 17 0 10 20 2 7 8 0 0 9 6 0 19 0 0 5 18
6 0 0 0 0 0 3 0 0 10 0 14 5 2 0 0 0 0 0 15
0 0 14 0 13 0 2 5 0 0 0 6 0 0 0 0 0 0 0 1
0 3 0 0 0 0 11 0 0 0 0 17 8 0 4 0 0 12 0 0
0 11 0 1 0 0 0 0 0 4 0 3 0 0 0 0 0 10 0 0
0 0 5 12 0 0 0 10 0 0 0 0 7 14 6 0 0 13 0 0
0 6 0 0 0 0 0 0 10 0 7 1 0 0 0 12 0 17 0 0
0 12 0 15 0 2 14 0 20 5 0 0 0 0 19 0 16 8 0 0
0 7 4 2 0 11 0 0 0 0 6 0 18 0 0 8 0 0 17 3
0 0 0 0 0 0 0 6 16 19 15 0 0 1 7 0 0 9 20 0
0 0 0 0 8 0 0 0 0 0 4 13 0 0 0 0 2 6 0 0
0 0 0 0 0 0 0 0 0 0 2 0 0 0 0 0 0 0 0 7
0 0 0 0 0 0 0 0 0 0 0 19 0 0 9 10 14 0 15 16
3 5 16 6 0 17 0 0 0 0 0 0 0 0 0 0 0 0 0 12
0 0 17 0 0 0 0 0 0 0 14 0 3 0 1 5 6 0 2 0
0 0 0 0 2 6 4 0 0 7 8 0 0 15 0 18 1 5 13 0
11 0 0 9 0 0 0 0 5 0 0 0 0 0 0 16 0 7 3 0
