0 18 0 0 0 0 0 6 2 8 9 0 17 0 0 0 7 14 0 0
0 0 0 5 16 0 0 0 0 1 0 0 0 9 14 0 3 0 0 4
0 10 0 6 9 11 15 0 0 14 0 0 3 0 0 1 0 18 0 5
0 0 15 7 0 10 13 0 3 0 0 12 0 0 16 0 1 0 0 0
0 17 0 0 0 8 14 0 0 5 0 0 0 0 0 18 12 13 0 0
5 0 0 0 12 3 0 0 0 0 0 0 4 6 0 15 0 20 9 0
0 0 0 4 0 19 0 2 0 0 1 18 0 0 17 0 0 5 0 0
6 0 0 0 0 0 0 0 14 0 4 0 0 0 5 0 17 8 0 0
0 16 3 17 0 0 0 0 20 0 0 7 14 13 19 0 0 1 0 0
0 0 0 0 0 0 0 13 0 0 0 15 10 0 0 0 4 0 11 16
0 0 0 0 13 4 0 0 0 0 0 0 0 15 0 10 0 0 18 0
16 0 0 15 0 6 0 0 0 0 0 0 0 2 0 19 0 0 0 0
0 0 0 10 0 0 19 0 0 13 0 2 9 0 0 0 6 0 0 0
7 11 20 0 0 17 0 0 5 6 8 0 0 0 0 0 14 0 0 19
8 0 2 0 1 7 0 14 18 0 20 0 0 0 6 0 9 16 0 0
0 4 0 2 0 20 0 8 0 0 0 0 19 0 0 0 0 0 0 18
0 7 0 0 0 0 0 0 0 0 18 8 0 0 0 0 0 0 0 0
0 0 1 0 0 13 0 0 17 0 0 4 0 0 0 0 11 0 0 0
9 0 11 0 19 0 0 0 0 7 0 5 0 0 0 0 0 0 3 20
0 0 0 0 0 0 9 3 0 0 0 14 0 0 11 0 0 0 0 0
