0 0 0 0 13 0 0 0 0 8 0 0 0 0 0 0 0 0 0 0
0 0 12 17 0 0 6 2 0 0 13 0 0 0 0 14 0 4 0 0
0 5 0 0 8 0 4 0 0 0 10 3 0 0 18 0 0 0 0 0
0 3 0 0 0 0 0 0 0 0 0 0 0 0 0 18 19 0 8 0
0 1 4 0 0 0 0 0 9 0 16 17 0 0 6 0 0 0 0 0
12 0 6 15 0 0 7 5 0 1 2 10 0 0 0 13 0 0 18 0
0 0 0 0 0 20 0 0 0 0 0 0 0 4 0 8 0 19 0 0
0 0 0 0 0 8 17 0 0 0 0 0 0 15 1 0 14 9 0 0
0 16 0 0 0 7 20 0 8 0 0 0 0 2 0 9 11 0 13 0
2 0 0 0 0 0 0 0 0 0 11 14 6 0 0 0 5 8 0 0
11 12 0 14 0 0 0 0 4 5 17 18 8 9 0 6 10 0 7 0
0 7 0 9 0 0 0 15 0 17 19 0 10 0 0 0 3 0 0 0
4 0 0 0 0 0 0 20 0 0 0 0 0 0 0 0 0 0 12 0
0 0 5 0 0 0 10 16 13 6 0 0 0 0 0 19 18 0 17 0
13 17 0 0 0 15 0 8 3 4 0 16 0 0 0 5 0 7 0 0
0 20 0 0 0 14 1 0 0 12 15 0 0 0 0 4 0 0 0 2
0 0 0 0 2 4 0 0 0 9 0 0 19 16 13 17 15 18 0 0
0 4 0 13 0 6 0 0 0 3 7 0 0 5 17 0 1 14 2 0
10 0 0 0 15 0 0 13 0 0 14 0 0 11 0 12 20 0 0 0
0 0 0 0 0 12 16 0 0 20 0 0 4 0 0 0 0 0 9 0
