0 0 0 0 0 2 0 0 0 0 11 6 0 12 0 4 0 15 0 0
0 0 0 18 0 0 0 11 15 0 13 0 0 0 14 7 17 0 20 0
0 0 0 19 0 0 0 14 0 0 0 3 18 0 8 16 11 5 0 0
20 0 0 0 0 0 0 0 0 7 0 0 2 0 0 0 0 19 12 0
0 0 13 0 0 0 0 0 12 0 0 14 11 15 3 17 0 16 4 6
0 0 0 20 0 0 0 0 0 6 4 0 0 0 0 0 12 13 0 0
1 5 0 0 0 0 0 0 0 13 0 0 0 0 0 0 0 0 0 0
0 3 0 0 0 0 0 0 0 10 14 0 0 0 0 0 0 0 0 0
7 0 12 13 0 6 0 0 0 15 0 0 0 3 5 0 4 0 0 0
11 0 0 0 0 13 0 0 0 0 9 0 4 0 0 0 0 0 6 8
0 16 0 0 0 14 1 5 0 0 15 0 7 0 0 0 0 0 19 0
0 10 20 0 11 0 0 0 8 12 7 13 0 0 0 0 5 0 0 18
0 0 5 0 0 10 0 7 16 0 3 0 14 0 0 0 13 12 0 0
0 2 0 3 0 0 0 0 0 0 0 11 16 0 0 0 6 0 0 10
0 6 7 4 0 0 16 0 18 14 0 0 0 0 0 0 0 0 2 3
0 0 0 0 0 0 9 4 0 3 0 0 0 6 11 0 19 0 17 0
8 19 14 0 17 3 0 0 9 0 20 5 15 0 0 0 0 1 0 12
15 0 0 0 0 0 11 0 10 0 0 0 0 0 16 0 0 0 0 0
0 0 0 0 0 0 0 0 0 0 2 0 5 17 0 8 20 0 0 15
0 4 18 0 0 0 0 13 0 11 6 0 0 0 7 1 0 8 0 0
