0 0 14 0 16 0 0 0 0 0 0 0 0 0 1 0 0 15 0 0
0 9 16 3 5 0 0 0 0 0 0 2 0 0 0 11 0 12 10 0
0 20 0 0 14 12 6 11 0 0 0 0 0 0 17 0 0 0 0 0
0 0 19 4 0 1 0 9 12 0 17 0 2 0 13 0 11 8 14 6
0 12 0 0 0 0 8 7 0 0 0 20 14 0 3 4 0 0 1 9
0 0 18 19 2 0 9 0 0 11 0 7 0 0 20 0 0 6 4 0
0 6 4 0 0 0 18 0 0 5 0 0 10 11 12 0 0 0 0 0
5 0 0 13 0 0 0 0 0 0 0 15 0 16 0 0 0 14 0 0
0 0 15 0 7 6 1 10 0 0 0 0 0 0 0 0 0 0 0 0
0 0 0 0 0 14 4 16 0 0 20 0 1 3 0 0 0 0 0 17
0 0 5 16 0 0 0 17 0 0 0 0 7 0 0 0 19 0 9 18
0 0 0 0 0 0 0 0 0 0 0 8 0 17 16 0 0 0 0 0
0 0 0 0 0 0 10 1 0 0 13 0 0 0 0 14 16 7 0 0
0 0 0 0 4 0 16 0 0 18 14 9 0 0 0 0 0 0 20 0
12 0 0 0 19 0 0 15 2 0 0 10 11 0 8 0 0 0 0 14
11 0 0 0 9 19 15 0 0 0 0 0 0 0 2 0 14 0 16 1
19 0 7 0 0 0 0 0 14 4 0 0 0 0 0 16 8 20 0 0
0 0 9 1 0 0 0 20 15 0 0 0 0 0 0 0 0 5 18 7
17 2 0 14 1 0 0 4 0 0 0 0 0 7 0 0 0 0 0 0
20 0 0 0 10 0 0 0 0 0 0 0 0 0 11 1 12 0 3 0
