7 10 0 0 0 13 0 0 11 0 5 4 0 0 2 9 17 3 0 0
0 0 0 0 0 10 0 0 0 7 18 3 19 20 0 0 2 0 15 0
0 0 18 0 16 3 6 0 4 0 0 0 17 0 0 0 0 0 0 0
0 0 0 0 0 0 0 2 0 17 0 0 0 9 0 0 13 0 19 18
0 0 0 5 0 0 1 0 8 4 0 0 0 12 0 0 0 0 0 0
0 0 13 0 0 0 0 20 5 10 3 0 0 0 0 8 0 9 0 17
0 0 0 0 15 0 0 18 12 0 6 0 0 0 20 0 0 0 13 1
0 0 17 7 0 0 0 3 0 0 8 0 0 0 15 0 0 0 0 0
0 0 8 1 13 0 0 0 6 0 0 0 0 0 0 0 0 0 0 2
0 0 11 0 0 2 17 0 0 0 0 5 0 15 18 19 20 8 3 6
14 0 0 0 0 12 0 0 13 0 1 20 2 0 0 0 0 10 0 11
0 0 0 0 17 0 0 0 3 0 0 0 6 10 0 0 0 0 0 14
0 0 0 0 0 18 0 0 0 0 0 0 8 0 0 14 0 0 0 0
0 0 0 13 0 6 9 0 0 8 0 10 0 0 5 0 0 17 16 19
0 0 0 17 0 0 14 0 0 0 0 6 1 0 9 0 0 0 0 10
0 0 0 19 0 0 0 0 0 0 0 0 16 7 17 0 0 2 9 4
8 0 5 10 0 0 0 0 0 14 0 0 12 6 0 0 0 0 4 20
0 0 0 0 0 0 12 0 0 0 15 0 0 0 0 0 0 19 2 3
0 0 0 0 19 8 0 10 0 0 0 17 0 14 4 0 0 1 6 0
17 0 0 20 0 0 3 0 9 6 16 0 0 0 0 0 0 0 0 0
