3 0 0 0 4 0 13 10 14 0 0 0 0 19 0 8 0 11 0 0
15 0 18 19 20 0 0 0 0 4 0 0 0 10 0 0 0 0 14 0
0 0 12 0 17 18 19 11 0 0 0 15 0 0 13 0 0 0 4 0
6 0 11 0 0 8 2 0 12 0 0 0 0 0 17 18 0 0 0 15
0 0 0 10 0 0 0 0 0 0 3 0 0 0 0 5 0 0 1 0
0 0 0 0 0 0 0 0 0 17 0 0 16 1 0 2 8 0 12 11
0 0 0 0 2 0 14 1 0 5 17 0 0 0 0 0 0 0 0 0
0 0 0 0 19 0 0 16 3 0 13 0 2 0 0 0 10 0 0 0
18 19 4 0 0 14 0 0 0 0 16 9 13 3 8 0 15 0 0 0
0 14 0 9 0 0 4 7 0 10 15 0 0 0 0 0 0 19 0 0
0 0 10 0 15 0 0 17 0 18 0 19 0 0 12 0 0 0 0 0
0 0 0 6 0 0 0 0 0 0 10 4 14 0 0 0 0 0 0 12
0 11 0 0 0 5 20 2 10 0 0 0 0 0 0 0 0 0 0 1
0 0 19 0 9 0 0 0 0 14 0 18 7 0 1 16 0 0 0 0
0 0 1 0 0 19 0 0 4 0 0 0 11 14 0 9 18 0 0 0
0 0 14 12 5 7 0 18 0 16 9 10 0 13 0 0 0 0 2 0
1 20 0 0 0 0 0 19 7 0 0 13 0 11 0 0 5 0 0 0
19 6 9 0 0 20 0 14 0 2 0 0 0 4 0 0 0 0 0 0
0 0 3 0 0 0 0 0 0 0 0 0 0 0 10 0 0 0 0 0
17 4 0 2 13 0 0 0 11 12 6 0 0 0 0 20 0 15 0 0
