9 10 0 0 3 0 5 0 0 8 1 2 16 14 0 20 0 0 15 0
0 14 0 16 0 18 0 0 11 0 0 0 0 0 0 0 0 0 10 0
3 8 0 0 0 0 0 0 0 0 0 0 0 0 11 12 0 0 1 0
0 0 12 0 0 0 0 0 0 14 5 6 18 19 0 17 0 0 0 8
2 1 5 0 0 12 0 15 0 0 19 20 0 0 9 0 0 14 0 0
0 0 0 0 10 14 0 0 0 0 0 3 9 0 0 0 0 0 0 7
0 9 0 0 0 0 2 0 0 0 0 0 8 0 0 10 0 0 14 6
0 0 18 0 0 0 0 0 0 0 0 0 0 16 0 15 0 0 0 0
0 12 0 8 0 0 0 0 0 0 0 0 0 0 7 14 0 0 17 0
0 6 0 0 0 0 12 7 15 0 0 0 0 4 19 1 3 0 2 0
0 3 1 9 0 16 0 0 0 0 14 0 13 2 4 0 0 0 5 0
8 0 2 12 20 0 0 10 6 0 0 0 0 0 17 0 0 0 11 0
0 15 0 0 0 17 0 3 0 0 0 0 0 0 0 0 20 0 0 0
0 16 0 17 5 8 0 0 0 0 0 0 15 0 0 3 0 0 0 0
18 0 0 7 4 2 0 0 12 1 0 0 10 6 5 0 0 0 0 0
4 17 0 0 14 0 0 0 0 0 0 0 0 0 0 9 8 0 0 1
0 0 0 0 11 0 3 0 0 19 6 14 0 0 16 5 0 2 0 0
1 19 8 0 0 10 0 0 3 0 0 9 0 0 0 0 0 0 0 5
0 0 0 0 0 0 0 0 10 13 0 0 0 1 0 0 14 17 6 3
0 0 10 15 0 0 17 0 0 0 0 1 0 0 0 0 0 19 20 0
