0 0 0 0 0 0 0 0 6 0 0 0 13 10 0 0 0 12 0 0
0 0 0 1 12 3 0 0 17 0 5 0 0 0 6 4 9 0 0 0
0 6 9 5 0 11 14 15 19 0 0 0 0 17 0 13 18 0 0 0
0 0 0 14 0 0 12 4 8 9 0 0 19 0 0 0 0 0 0 17
0 0 0 0 0 2 0 19 0 0 0 0 1 0 0 0 0 18 0 0
1 12 0 10 0 4 0 0 0 0 0 13 0 0 0 0 20 8 0 0
0 3 14 2 0 0 0 0 0 0 11 0 4 19 0 1 0 0 7 16
13 0 0 0 0 0 0 0 14 0 0 7 0 8 0 15 0 0 0 0
0 0 0 0 0 13 0 0 0 0 0 0 0 0 0 14 0 11 9 20
15 0 0 0 0 14 7 0 10 0 0 8 0 3 0 0 16 4 18 0
0 20 0 0 0 0 19 0 2 6 16 10 14 0 0 0 5 0 0 12
7 2 0 0 14 15 0 0 0 0 0 0 0 0 0 0 8 17 0 10
0 15 0 9 0 0 0 0 0 10 19 20 0 6 0 11 0 0 4 0
0 0 6 0 0 19 0 0 4 0 12 0 0 16 0 0 0 0 0 0
19 0 0 16 2 20 5 0 0 14 0 15 0 0 0 0 12 9 0 0
12 0 20 0 3 0 15 0 0 0 0 0 0 13 9 0 0 0 0 0
0 0 0 0 0 0 0 0 0 0 20 0 12 9 0 0 7 0 11 18
0 0 0 11 0 0 0 2 0 8 0 0 0 0 16 12 0 0 0 0
0 0 15 4 19 0 10 0 0 0 8 0 0 0 0 0 3 14 0 0
0 0 0 13 0 17 11 14 0 0 0 5 0 0 0 0 0 0 0 8
