0 0 12 13 0 16 0 0 0 0 0 4 0 0 0 0 0 0 0 0
0 0 0 0 18 0 0 12 0 0 0 0 0 0 0 15 19 20 0 0
0 11 0 5 0 0 0 8 0 0 0 0 0 0 0 0 0 0 0 16
14 2 0 0 0 1 0 0 4 0 19 10 0 13 20 0 9 11 0 0
12 14 0 17 0 18 0 13 5 0 0 0 0 0 10 0 8 3 0 7
0 0 0 4 7 0 16 0 0 6 0 0 1 2 0 0 12 5 0 0
13 16 0 6 9 15 19 0 0 0 4 0 7 0 0 0 17 0 0 0
19 20 0 0 0 0 0 0 0 0 5 0 14 0 0 0 0 4 0 0
0 19 17 0 0 0 0 0 0 0 16 0 0 0 0 0 0 0 0 0
0 0 0 0 0 0 13 0 0 3 0 0 0 19 0 0 15 0 0 8
6 0 0 10 0 0 0 0 16 0 13 0 9 8 0 0 0 0 19 0
9 8 0 0 0 10 15 6 19 5 0 0 0 0 0 0 4 0 3 0
18 0 4 0 0 20 0 0 0 0 0 3 0 0 0 0 1 0 0 0
0 13 0 0 3 0 0 16 0 10 7 11 15 1 19 0 0 17 0 0
0 0 0 0 0 3 0 11 0 0 0 0 0 0 5 0 0 0 0 0
2 1 16 0 0 0 0 15 17 0 0 18 13 0 6 0 0 0 7 4
11 10 1 2 0 0 0 3 0 0 0 0 0 0 0 0 0 0 0 17
0 0 13 8 0 0 0 0 7 14 2 16 17 5 0 0 0 0 0 0
0 0 14 0 4 19 0 0 1 16 0 12 3 0 13 0 0 8 15 0
0 12 9 3 0 0 0 0 0 0 0 14 0 0 0 0 2 0 0 0
