4 0 10 0 0 0 3 0 18 11 13 0 0 2 0 0 0 0 7 20
0 0 7 0 0 0 0 0 0 1 0 0 0 0 0 0 0 0 0 0
0 6 0 0 13 0 15 0 4 16 20 0 0 0 8 0 0 0 0 0
0 0 18 0 20 8 0 7 10 14 0 0 12 0 0 0 0 0 13 0
0 12 0 0 0 0 0 5 0 0 14 18 0 0 20 0 0 2 0 0
0 0 0 20 0 0 12 0 0 0 9 0 0 0 0 0 0 4 0 0
5 0 4 0 3 16 0 0 19 0 0 0 0 6 0 0 17 0 0 15
11 0 14 0 0 0 0 1 0 0 3 12 0 5 0 0 20 0 0 0
0 0 5 16 0 0 0 0 0 0 10 0 0 8 4 20 0 15 0 0
0 18 0 0 0 6 5 15 0 0 0 0 11 0 1 0 8 0 10 0
0 3 0 0 10 19 0 0 0 0 0 0 15 0 5 11 0 0 16 0
15 0 0 4 11 0 0 0 17 3 0 0 0 0 0 0 14 6 12 0
0 0 1 0 0 0 0 16 3 0 0 0 0 0 12 0 0 20 11 0
0 0 0 0 18 0 20 0 0 0 0 0 0 0 13 0 0 12 15 0
0 0 15 0 16 4 0 6 0 0 0 0 0 0 0 14 9 0 0 0
10 4 9 7 0 11 13 0 0 18 15 0 0 0 0 0 0 0 2 0
0 0 2 12 0 0 0 0 0 0 4 13 0 0 18 19 0 0 20 0
0 16 0 14 0 0 1 0 0 19 5 0 0 0 11 17 12 0 9 2
20 0 0 0 0 0 0 0 0 0 0 16 14 0 15 0 13 0 0 0
0 0 0 0 0 15 11 12 0 6 2 0 0 0 19 0 1 0 0 0
