3 0 0 0 0 0 0 15 20 2 0 14 0 0 0 0 0 0 9 0
13 0 0 16 0 5 6 7 0 18 0 0 0 0 0 0 0 0 12 0
10 0 11 0 0 0 0 14 0 16 0 0 15 7 8 0 0 0 0 0
0 0 0 0 18 1 3 4 0 19 0 11 0 0 0 14 2 0 0 15
0 1 0 0 0 16 9 17 0 0 0 0 0 0 0 0 0 10 2 0
12 0 0 0 10 13 0 0 7 20 0 0 16 0 0 19 0 6 0 0
0 0 0 18 0 11 0 0 0 0 0 0 0 0 10 20 0 14 0 0
0 11 0 0 17 0 0 0 0 0 0 0 19 5 0 0 0 0 18 0
0 0 12 10 0 19 0 0 0 13 4 0 3 8 0 0 0 0 1 11
0 0 4 0 0 0 0 18 0 0 1 5 12 0 0 0 0 0 0 0
2 0 0 0 0 0 12 0 0 0 20 15 14 0 0 0 4 0 16 0
8 0 0 13 15 0 1 0 4 0 11 16 17 0 0 0 0 0 20 0
0 16 14 0 0 0 0 19 0 0 0 0 0 12 0 0 13 17 11 10
0 10 0 0 0 0 0 0 0 0 0 0 0 0 0 0 0 0 0 18
0 4 0 19 0 14 7 0 0 0 0 17 10 0 0 0 0 0 0 0
11 0 0 0 12 0 0 0 0 0 18 0 0 15 0 0 0 0 5 0
0 0 0 11 0 18 0 0 9 8 0 7 0 0 0 4 0 0 0 0
16 13 0 4 0 12 10 11 0 0 15 0 0 18 6 0 19 0 0 0
19 0 0 0 0 0 0 5 0 0 16 0 0 20 0 0 0 0 0 1
6 12 2 9 0 0 0 20 0 17 0 0 0 11 14 15 0 0 10 8
