5 0 0 4 6 0 0 11 0 0 0 20 0 7 3 0 0 1 0 14
10 0 0 0 5 0 1 0 2 7 0 0 0 13 0 6 0 0 0 0
0 0 0 0 13 0 0 0 0 0 5 0 0 0 0 0 0 7 0 20
0 12 0 0 7 0 0 0 0 4 6 13 0 11 0 0 17 9 0 19
0 0 0 17 3 0 0 18 0 1 0 0 0 0 0 0 0 0 6 12
19 3 5 7 4 13 0 0 0 0 0 0 16 0 15 0 1 0 11 0
0 0 0 0 11 0 0 0 0 2 0 7 0 0 0 3 0 0 0 0
0 0 20 0 2 0 0 8 13 0 15 0 4 10 0 0 0 14 0 0
0 2 0 0 17 0 20 0 0 0 16 0 0 0 13 0 19 0 0 0
0 0 0 0 0 0 0 0 18 14 0 0 0 5 0 0 0 0 0 17
0 0 0 11 14 0 13 0 15 0 2 0 17 0 7 0 4 0 3 0
0 0 17 5 0 0 0 0 4 12 0 0 0 0 0 0 0 0 1 0
0 19 0 0 0 0 0 0 0 0 0 0 0 0 0 20 0 0 0 0
0 0 18 10 1 6 0 0 7 0 0 0 11 0 0 4 0 19 9 0
12 0 4 0 0 0 0 2 9 0 0 0 0 15 0 1 0 0 0 0
9 0 0 0 20 0 0 0 0 0 0 3 0 0 0 0 8 0 0 0
18 20 0 0 0 5 0 0 0 0 7 0 8 0 4 13 0 2 14 0
16 0 0 0 0 3 0 0 14 0 13 0 18 20 5 11 0 0 0 0
0 0 3 0 0 0 14 7 20 0 0 0 0 12 0 0 10 13 0 1
13 0 0 6 0 0 0 0 0 17 9 2 3 1 0 0 16 0 0 11
