1 15 0 0 0 0 0 0 6 11 18 0 0 0 0 0 7 0 0 4
0 5 10 0 0 0 0 0 1 4 0 0 0 0 0 0 0 0 0 0
0 0 0 14 18 0 7 0 0 0 0 9 10 0 11 0 6 0 0 0
0 8 16 0 4 18 19 15 0 0 0 7 0 0 5 0 0 0 0 17
2 10 0 0 0 0 0 14 15 17 3 12 4 0 0 19 20 5 0 7
0 13 0 8 0 0 0 0 12 0 0 17 0 0 0 0 10 0 0 0
3 0 0 0 0 4 6 0 0 5 7 0 0 0 0 0 0 2 0 0
0 0 0 0 0 0 18 19 0 0 1 0 2 11 13 0 4 8 0 0
0 0 0 6 15 0 0 0 0 0 9 0 0 0 0 20 0 10 0 0
0 0 0 0 0 0 0 0 0 0 0 16 0 0 3 0 0 4 0 0
0 0 17 0 13 0 0 0 0 0 0 1 0 0 4 5 2 0 0 0
8 0 0 5 3 0 0 4 0 0 0 0 0 0 0 0 13 17 0 0
0 4 0 0 8 5 11 17 0 0 0 20 0 1 0 6 15 12 0 0
9 19 0 16 0 0 12 0 0 0 0 0 14 0 0 11 0 0 20 2
0 0 18 0 0 0 10 0 0 0 16 0 0 0 0 0 0 0 0 0
0 0 0 0 12 19 13 0 0 8 0 0 11 0 0 0 0 0 0 9
0 0 0 0 0 0 0 0 8 12 0 0 0 16 19 0 0 0 5 3
0 0 0 4 19 0 0 0 0 16 0 18 12 20 1 0 11 6 0 0
16 0 15 0 0 20 9 1 0 0 0 6 0 0 0 0 0 19 0 13
0 3 0 0 2 0 14 0 0 0 10 13 5 4 0 0 0 0 18 0
