0 0 15 8 5 0 0 0 0 11 0 0 0 13 20 0 0 0 0 2
0 0 0 0 0 0 0 0 2 15 5 0 0 0 0 8 0 0 0 1
0 0 9 0 0 0 15 0 0 10 0 0 0 0 0 0 0 0 18 0
0 16 11 0 0 0 0 6 0 0 0 0 0 19 0 14 0 20 0 9
1 0 0 0 0 0 10 0 0 0 0 0 0 0 0 12 4 0 0 16
9 15 0 0 0 0 0 17 6 0 0 0 0 0 0 0 0 0 0 0
0 0 0 0 0 19 3 0 0 9 1 0 12 20 0 0 0 18 4 0
0 0 0 0 20 0 0 15 0 3 0 13 0 0 9 16 0 7 0 0
0 0 20 0 0 6 0 14 0 12 19 0 0 0 0 0 0 0 16 0
0 12 0 0 0 9 0 8 14 5 0 0 19 4 0 0 1 17 0 0
0 8 0 9 14 0 0 13 0 1 4 5 0 0 0 0 0 0 11 19
0 0 0 5 0 20 0 12 0 6 0 0 0 0 0 0 18 10 2 0
0 0 0 0 0 0 0 10 9 7 0 17 4 0 0 2 0 12 1 0
0 0 0 12 0 0 0 5 0 2 0 14 13 0 0 0 0 9 0 0
7 0 13 0 0 8 0 2 18 19 0 0 0 11 0 0 0 0 0 0
0 0 19 0 0 17 0 0 0 0 3 0 0 0 0 5 0 0 0 0
5 0 12 0 3 0 8 18 0 14 2 0 0 6 0 19 0 16 17 0
3 0 0 0 0 0 4 0 0 8 6 0 0 0 17 0 0 0 0 0
8 0 0 0 12 0 13 9 20 0 0 0 0 0 4 10 0 0 0 0
0 1 0 11 0 10 20 0 5 0 0 19 0 0 15 0 0 3 9 14
