0 13 14 0 0 0 18 0 0 0 0 9 5 1 0 0 0 3 0 0
0 0 11 0 0 0 5 6 12 0 0 0 0 0 0 0 0 1 0 0
0 9 4 10 0 0 0 2 13 16 18 0 0 0 0 8 0 0 12 6
2 1 0 0 7 0 0 0 0 4 5 6 0 11 0 0 0 0 18 0
5 0 0 18 9 0 0 0 1 0 0 8 0 0 0 0 20 15 0 16
0 4 0 5 0 3 0 0 0 0 0 2 14 0 13 15 0 0 0 11
0 10 2 0 13 0 0 0 0 7 0 15 0 0 0 0 3 0 0 0
19 15 0 12 0 11 0 0 0 0 3 20 7 2 18 0 4 0 0 9
0 17 0 0 0 0 0 0 4 0 19 1 0 0 0 0 14 0 0 0
0 0 0 0 0 0 10 0 0 0 0 0 0 0 0 0 0 0 16 1
0 0 0 0 0 8 0 9 0 0 0 0 0 0 7 0 0 0 4 13
0 2 0 7 0 0 0 0 0 18 0 0 0 16 4 0 0 0 0 0
0 0 0 0 0 0 0 0 0 13 0 17 0 0 0 0 0 0 0 18
0 0 13 0 0 1 0 0 0 14 0 4 0 0 0 0 0 0 0 0
0 0 0 0 6 18 0 0 0 0 2 0 0 13 0 12 5 11 0 0
0 0 0 0 0 0 0 18 15 0 0 13 0 4 0 0 8 20 0 3
6 7 0 0 0 0 3 14 0 0 11 18 12 0 20 0 0 0 0 0
0 0 0 4 0 9 16 1 14 0 6 0 0 15 0 7 0 0 0 0
0 14 0 17 0 0 15 4 0 5 0 0 1 0 0 10 18 0 0 12
0 0 20 19 0 0 0 17 2 1 4 0 18 0 11 0 0 14 0 0
