0 19 0 12 11 0 0 0 1 0 0 20 5 14 0 0 0 0 0 0
17 0 0 10 0 0 0 0 0 0 0 15 19 0 11 0 1 3 4 18
0 0 0 14 0 0 16 0 0 0 17 18 0 4 0 10 0 20 12 0
0 9 0 0 4 19 0 0 20 18 1 0 0 0 0 0 0 0 15 0
0 17 0 0 0 0 0 7 0 13 0 0 0 6 0 0 0 0 5 0
2 0 0 9 0 0 4 14 0 0 0 0 0 0 0 0 0 0 0 10
0 0 0 0 0 16 0 0 0 17 0 0 0 8 18 12 0 0 0 0
6 0 0 13 0 18 1 0 8 0 2 0 0 5 9 0 15 16 0 20
0 0 17 0 0 1 0 0 0 0 0 0 0 0 0 0 0 0 0 0
0 0 3 0 0 0 0 0 4 0 0 0 20 0 0 0 2 0 10 7
0 0 2 0 0 0 18 0 11 0 0 0 3 0 0 15 5 0 0 12
4 0 0 7 5 20 0 0 0 0 15 6 1 16 2 0 18 9 8 11
10 0 0 18 2 13 0 0 0 0 0 0 6 0 0 0 8 15 1 0
3 0 13 0 0 0 15 0 16 0 0 0 0 0 0 0 0 12 0 14
20 0 0 5 0 0 0 1 0 0 0 4 15 0 0 16 3 0 0 0
0 0 14 0 1 0 0 0 0 0 0 0 0 11 5 4 9 0 0 0
9 0 0 0 0 0 2 11 13 0 0 0 0 0 6 0 0 5 0 3
0 0 0 0 0 0 8 0 0 0 0 0 0 0 12 0 0 0 0 0
13 5 0 0 0 0 0 0 0 14 0 0 11 0 16 18 0 2 0 0
0 0 19 0 17 0 5 0 0 0 0 9 8 3 0 6 0 0 0 4
