0 0 0 0 0 0 6 0 1 9 0 20 0 0 12 0 0 0 0 0
0 0 0 14 0 0 0 17 0 0 0 0 0 0 0 0 0 0 0 8
0 0 0 12 0 14 0 18 10 11 0 0 0 0 0 0 0 0 0 3
0 7 0 9 11 0 0 0 0 0 18 0 6 0 0 0 0 0 0 0
0 0 0 17 0 0 10 0 5 0 0 0 0 0 13 0 16 0 14 19
13 14 15 0 0 0 0 2 0 0 0 0 0 0 7 0 0 0 0 0
0 0 0 0 0 16 0 0 6 0 12 10 0 0 0 2 4 5 0 0
0 0 0 0 0 0 0 0 7 8 0 0 0 0 0 3 11 0 0 13
0 0 0 0 0 3 0 0 2 0 19 12 0 0 0 0 0 0 0 0
0 0 4 0 15 6 0 7 0 0 0 17 3 18 11 0 0 0 0 12
0 0 0 13 0 0 0 0 0 17 14 0 0 0 0 20 10 7 3 0
5 0 0 0 0 18 0 19 20 0 0 7 0 0 0 0 0 0 0 4
0 18 0 15 0 9 0 6 8 7 11 13 0 0 1 0 12 10 0 0
0 0 0 5 6 0 0 10 14 0 17 0 0 0 0 9 0 0 0 0
0 0 0 20 0 19 0 0 15 0 0 0 0 0 6 0 2 8 0 0
0 2 0 0 4 20 0 0 17 18 0 15 14 0 0 5 6 19 0 0
0 0 0 0 12 2 15 0 0 0 13 11 0 0 8 10 0 0 0 17
0 0 5 0 0 7 0 13 0 0 0 6 0 15 0 0 0 3 2 11
11 0 3 0 2 10 0 0 0 0 20 9 0 17 4 0 15 0 0 0
15 0 18 0 8 12 17 0 0 0 5 0 0 3 0 0 13 0 0 7
