18 0 0 0 0 16 0 19 0 0 12 3 0 0 0 0 20 6 1 0
12 8 0 14 0 0 0 0 0 0 0 2 0 0 13 0 0 5 9 0
0 0 6 0 0 0 0 0 0 18 14 0 0 0 0 2 17 0 16 0
0 0 16 0 15 11 0 0 0 2 0 6 0 0 0 0 7 10 0 0
0 0 0 0 0 0 0 7 0 6 8 0 20 0 10 0 0 0 0 0
8 10 13 0 0 0 11 0 3 0 0 1 0 12 0 0 5 18 0 0
5 6 4 12 3 0 0 0 0 20 0 0 0 11 0 7 1 0 0 0
0 0 0 0 0 0 13 0 0 0 0 0 0 0 0 0 0 0 0 11
0 15 0 0 0 0 0 0 0 0 10 7 0 2 0 9 13 12 0 0
1 0 12 10 0 20 0 15 0 7 0 8 0 4 3 0 11 0 0 0
20 0 18 0 0 0 0 0 0 0 0 0 9 5 0 0 0 0 7 0
7 0 0 17 0 0 6 5 0 0 0 0 13 0 0 0 0 0 0 0
15 17 0 13 0 0 0 4 20 0 0 9 0 3 0 0 0 0 0 0
3 12 0 18 2 19 0 13 0 0 6 0 4 0 0 0 10 0 0 1
4 0 0 0 5 3 0 18 1 11 15 19 0 8 2 17 6 0 0 0
0 0 0 0 0 0 0 6 0 5 11 20 0 13 18 0 0 0 12 0
0 5 19 0 0 14 0 0 0 13 0 0 2 0 0 0 0 8 0 0
0 0 0 0 0 8 0 0 0 0 0 13 3 0 0 0 0 19 0 0
6 0 0 15 0 0 12 10 0 0 0 0 0 18 0 0 0 20 13 0
0 7 0 0 10 0 0 0 0 0 0 0 0 0 0 0 0 0 0 3
