0 15 17 0 7 0 19 0 0 0 0 9 3 0 18 0 0 0 0 0
9 0 0 0 0 11 12 13 19 0 0 7 0 2 0 0 0 0 5 6
0 6 5 10 2 0 0 0 0 0 0 1 9 0 12 0 0 8 0 15
0 13 14 19 0 15 17 18 0 0 0 0 0 0 0 0 0 0 0 20
0 0 1 0 6 0 9 0 0 0 4 15 10 0 0 0 0 0 0 18
0 0 0 0 18 0 3 0 9 0 0 0 0 0 0 4 0 1 0 0
1 0 0 0 20 0 0 0 0 0 17 0 0 8 0 0 0 0 0 12
4 0 0 0 0 0 0 15 0 0 0 0 0 0 20 3 0 0 0 13
10 0 0 15 9 0 0 0 0 0 0 0 19 0 0 2 0 0 4 0
0 0 11 16 0 0 0 17 0 0 5 0 15 14 10 0 0 20 0 0
0 0 0 1 13 9 4 0 5 0 0 0 7 20 0 0 10 18 0 3
0 0 16 0 5 19 0 0 0 0 0 0 0 4 0 15 0 0 12 0
15 0 0 0 3 0 11 0 0 0 0 4 0 0 5 10 0 0 14 8
0 0 0 0 0 0 0 0 0 16 0 0 17 3 0 0 0 0 0 1
2 0 0 0 16 17 15 12 7 0 0 0 13 0 14 0 0 0 0 9
0 0 0 0 0 18 0 0 8 19 0 0 0 0 0 0 0 0 0 0
17 0 0 0 0 0 6 0 0 0 0 0 8 9 0 0 0 0 1 0
18 1 0 0 11 13 10 19 0 0 9 0 14 0 0 0 12 0 0 0
0 0 0 0 12 0 0 9 0 0 0 14 0 10 2 0 19 0 0 0
0 0 0 0 0 2 7 1 0 6 0 0 12 0 17 5 0 0 0 16
