0 8 0 9 0 4 0 0 6 15 5 0 0 0 1 0 0 0 0 0
15 19 0 0 3 0 0 11 0 0 0 18 0 4 8 0 10 0 0 0
0 0 0 18 0 12 5 17 0 0 0 0 0 0 0 6 0 0 14 0
14 0 0 1 0 0 13 2 8 0 6 0 0 0 0 3 0 0 0 0
16 0 0 11 12 9 2 0 15 6 0 1 0 0 0 0 18 20 0 3
0 0 0 5 19 0 0 0 12 0 16 0 0 9 0 0 1 8 0 0
0 20 0 0 15 0 0 0 0 11 17 0 8 0 0 0 4 5 0 0
0 3 0 2 0 0 0 0 5 1 18 0 0 0 15 0 0 16 0 0
5 7 9 0 0 15 0 0 0 20 0 0 0 12 0 1 0 3 13 0
0 0 3 0 0 0 0 0 0 0 10 14 0 17 0 0 0 0 0 0
0 0 0 0 0 0 10 0 11 5 0 0 0 13 0 0 19 2 4 0
0 4 0 0 11 0 12 13 0 0 0 0 0 0 16 0 0 0 9 0
0 0 0 0 1 0 0 16 0 0 0 2 0 0 0 0 8 0 7 11
2 0 10 0 0 0 0 0 0 0 0 5 0 0 0 0 13 14 16 0
3 0 0 12 0 11 20 0 1 0 13 0 0 0 0 4 5 0 0 19
11 17 19 0 14 0 0 0 0 2 0 0 0 0 18 0 0 0 0 0
0 0 0 0 0 0 0 0 0 14 3 0 5 0 0 19 20 0 0 9
0 0 0 20 2 1 0 0 0 0 0 16 13 0 0 0 0 0 10 0
0 0 14 3 0 20 6 10 0 0 11 0 0 0 0 0 16 0 0 0
0 0 0 0 0 0 0 0 0 16 0 0 0 10 0 0 2 0 0 7
