0 0 9 12 0 11 0 0 0 0 0 1 0 0 0 0 0 0 4 18
0 4 0 0 8 0 14 0 17 0 0 0 0 0 0 11 0 2 0 0
0 18 5 0 10 0 0 4 0 2 0 0 0 0 12 0 7 0 0 0
6 0 0 14 7 0 20 9 0 18 0 0 0 8 4 0 0 5 0 0
0 0 14 0 0 0 0 10 0 6 3 4 1 0 0 16 0 0 0 0
0 13 8 0 3 0 17 0 2 0 14 16 0 0 0 20 0 19 0 5
0 0 0 0 0 0 0 7 0 0 0 17 0 0 0 0 0 4 0 0
0 0 0 0 0 0 0 11 0 0 0 12 0 0 0 0 0 0 8 9
16 19 0 6 0 0 0 0 9 0 0 0 3 17 0 0 0 0 0 0
0 10 0 17 0 19 0 0 0 8 9 2 0 4 0 6 13 18 5 0
0 0 0 0 5 0 1 2 0 14 0 0 11 0 16 9 0 20 0 0
0 0 0 0 14 0 18 5 0 0 0 0 0 0 0 0 1 0 0 0
14 0 17 18 0 0 0 0 0 0 0 0 0 0 0 1 5 6 0 0
0 0 0 0 0 5 0 18 0 0 6 0 0 1 0 0 0 0 0 8
0 0 0 0 0 1 0 6 0 0 12 19 0 5 0 0 18 0 0 0
0 0 0 0 1 14 0 8 0 0 18 20 0 0 0 4 9 11 0 0
18 0 0 2 0 0 0 15 0 0 5 10 0 0 0 8 0 0 14 0
0 0 0 0 0 20 7 0 0 3 8 0 0 0 0 0 0 10 0 6
5 0 7 0 17 0 13 0 0 0 0 0 19 15 6 18 0 9 0 0
0 0 4 0 0 8 0 14 0 0 0 0 0 16 7 17 3 15 0 0
