0 0 19 0 12 0 14 0 10 0 0 0 9 0 0 18 0 3 0 0
0 0 0 0 0 0 0 0 1 0 15 17 0 0 16 2 13 0 0 9
14 0 0 0 1 3 0 0 0 0 8 9 0 13 0 20 0 16 10 0
2 3 0 0 0 0 0 0 0 19 0 0 0 0 14 0 0 0 5 0
0 0 0 10 0 15 16 0 0 3 0 0 0 7 11 0 0 0 0 0
0 0 13 6 0 16 0 0 12 0 11 15 0 0 0 0 1 0 0 4
0 0 0 0 0 8 0 0 0 0 0 0 0 0 0 15 0 18 0 7
0 0 0 0 11 0 0 12 0 6 0 0 4 0 3 0 8 0 19 10
15 8 0 9 6 0 0 0 0 0 3 0 0 18 2 19 11 0 0 20
5 0 0 0 0 0 0 3 0 1 19 10 0 6 0 0 17 14 0 0
10 0 0 3 0 4 18 7 15 0 0 0 19 20 0 0 9 0 1 0
0 0 8 0 0 0 0 0 0 0 0 0 0 0 1 0 0 0 0 17
0 0 1 0 19 0 20 10 0 0 0 0 13 0 0 0 0 0 16 0
0 0 0 0 14 0 3 0 0 0 17 0 0 0 10 0 0 11 0 0
0 0 6 0 5 2 8 9 0 11 10 0 0 0 0 0 0 0 20 0
0 0 0 0 10 0 0 19 0 13 0 2 18 0 15 0 0 0 0 0
0 0 0 14 0 0 0 8 0 0 0 0 0 0 5 0 0 0 11 0
0 20 10 0 7 0 0 18 0 0 6 0 11 0 0 9 16 8 0 0
7 18 0 13 0 9 0 0 0 0 12 0 16 0 0 0 0 15 0 0
0 0 0 16 15 0 0 11 0 0 0 0 0 0 0 10 20 19 0 0
