0 0 0 18 0 0 0 0 0 0 0 0 0 19 0 20 0 1 0 0
11 0 0 0 0 0 2 0 15 17 12 0 1 4 0 0 0 5 0 0
1 10 15 5 0 0 0 18 7 0 19 0 8 0 0 0 11 0 12 0
0 0 20 8 1 0 0 0 0 3 13 0 11 0 18 12 0 7 19 0
6 0 0 0 13 0 0 0 0 0 0 0 0 0 0 10 17 0 16 0
3 0 0 0 0 0 17 0 1 0 7 2 0 0 0 0 0 0 0 0
0 0 4 0 0 7 0 11 0 12 5 0 2 0 1 0 0 0 0 8
2 1 7 0 0 20 15 19 0 0 0 0 0 0 0 0 0 11 5 0
0 0 0 0 0 0 0 0 19 0 0 0 0 20 0 7 0 0 0 0
9 0 0 0 0 0 16 0 0 0 15 0 0 0 17 0 0 3 7 0
15 0 13 0 0 14 0 0 0 0 0 3 19 5 0 9 0 0 0 0
0 0 5 0 0 0 11 13 0 4 0 0 0 0 0 0 0 0 14 0
17 0 0 0 0 4 0 0 6 0 18 0 13 0 0 8 1 2 0 7
0 0 0 0 0 18 0 0 0 0 0 0 17 14 0 11 0 0 0 0
12 4 0 14 10 0 0 2 11 0 0 0 7 0 0 0 0 0 0 0
0 0 0 0 0 0 0 0 0 6 4 0 0 0 0 17 0 0 20 0
20 17 3 7 11 0 0 0 14 0 2 0 15 0 0 0 0 19 6 0
0 12 1 0 0 6 0 15 0 0 0 11 0 0 0 19 0 17 0 3
0 0 0 0 0 12 0 7 0 0 3 17 0 9 0 0 18 0 2 5
5 0 0 0 0 9 8 0 18 0 0 0 0 0 11 0 0 0 1 12
