0 7 0 8 11 16 17 18 0 0 13 12 0 0 0 0 9 10 0 0
0 0 0 0 0 0 8 0 14 15 0 0 12 13 0 20 4 0 0 0
12 0 0 0 1 9 0 20 0 0 0 0 0 0 5 0 3 0 0 0
15 16 0 17 0 0 0 0 0 0 0 0 0 0 0 0 20 0 0 13
0 0 0 4 0 12 0 0 5 0 0 0 0 0 11 0 1 0 16 0
0 12 0 2 0 0 0 0 0 16 0 0 0 0 0 0 10 0 0 0
0 0 0 0 20 1 0 0 0 0 0 0 0 5 0 0 0 0 4 8
0 3 0 18 12 13 10 0 0 0 0 0 0 0 1 15 0 14 5 0
0 14 8 6 15 0 11 0 0 0 0 20 0 0 0 0 0 0 2 0
0 5 0 20 0 18 2 7 13 0 15 0 0 0 14 0 0 0 3 6
0 11 0 10 0 0 0 0 2 13 0 7 0 0 0 0 5 0 6 4
0 0 3 0 0 0 0 2 0 0 0 0 17 0 19 0 7 0 0 0
0 17 4 0 0 0 5 6 8 0 0 0 0 14 20 0 0 0 0 3
0 20 18 0 0 10 0 0 4 0 0 0 0 0 0 5 17 19 0 0
0 0 0 0 3 0 15 0 10 0 0 0 0 0 0 0 0 0 0 0
0 4 9 0 0 0 1 0 18 0 0 11 0 7 0 16 0 0 0 0
0 10 0 0 0 0 20 13 0 0 0 0 0 0 8 0 0 1 0 5
0 0 0 0 0 0 3 0 12 5 19 13 0 0 0 0 0 0 0 10
0 18 0 0 0 0 0 0 15 17 1 0 0 19 0 9 13 0 20 0
5 15 0 13 0 7 18 12 20 0 0 3 0 0 0 0 0 0 19 0
