0 0 0 0 17 9 0 0 0 20 11 5 0 18 0 3 0 0 0 1
1 12 0 0 0 19 0 0 8 2 10 0 0 15 20 0 0 0 9 7
0 0 0 0 0 6 0 0 0 3 0 0 11 0 0 0 20 4 8 0
0 19 3 0 0 0 16 0 0 0 13 0 7 8 0 0 0 15 17 0
9 0 0 11 0 20 8 0 12 0 15 0 19 0 1 0 3 0 0 0
0 0 15 2 0 0 19 0 0 0 17 0 0 0 0 0 18 1 0 0
0 0 0 0 0 0 0 3 0 18 19 0 0 0 5 1 8 9 0 0
0 0 0 0 0 0 0 0 0 0 0 0 0 0 0 0 0 20 0 19
0 0 19 0 0 0 0 0 0 4 0 0 13 17 0 0 10 0 0 0
17 3 0 0 1 2 0 0 0 0 0 0 0 0 0 0 0 0 0 16
0 0 0 15 0 0 0 19 0 0 0 0 0 2 17 0 11 0 3 0
0 0 2 0 0 0 0 0 5 0 0 0 0 9 0 0 0 0 19 15
8 0 0 0 0 4 13 14 0 0 0 0 1 6 0 11 0 0 0 0
0 0 14 4 9 0 0 17 0 19 0 0 0 0 13 0 0 5 0 0
19 0 0 0 0 0 0 0 0 0 0 0 0 0 3 16 13 0 14 0
7 0 0 18 0 1 17 0 0 5 0 4 0 16 0 0 0 0 13 0
0 15 0 0 0 16 0 7 0 14 6 0 9 0 0 0 0 18 0 2
12 0 0 0 19 0 2 11 0 0 0 0 5 20 0 0 9 7 0 0
0 0 0 0 4 18 0 0 10 7 20 0 14 1 2 0 0 3 5 11
20 0 0 0 14 15 0 0 0 0 0 0 0 0 0 18 0 0 0 10
