0 0 0 0 18 1 0 0 0 0 0 19 0 16 0 9 0 8 0 0
0 0 0 0 0 0 7 10 0 6 0 0 11 8 0 0 1 3 0 18
0 5 0 1 0 0 15 0 0 11 0 0 9 17 0 0 19 0 0 7
0 0 9 0 0 0 18 0 20 12 1 0 0 0 0 0 13 0 0 0
0 19 0 0 0 0 0 0 0 10 0 16 0 0 0 0 0 0 6 0
0 0 1 0 0 6 0 0 0 0 0 0 15 11 0 2 0 0 8 0
0 4 0 0 3 0 0 9 0 0 12 8 18 19 10 0 0 13 0 0
0 0 0 0 0 0 0 0 0 0 0 0 5 0 0 18 0 0 0 0
16 0 0 3 5 0 0 14 0 0 0 0 0 1 2 11 0 0 0 0
0 0 0 15 14 0 0 0 0 0 9 11 8 0 3 0 0 0 0 0
0 0 0 0 12 0 0 0 15 0 0 17 0 0 0 0 14 0 20 4
0 0 0 18 13 2 0 0 0 0 16 0 0 6 0 0 0 7 0 0
0 0 0 5 6 0 12 0 0 14 4 0 16 0 0 20 0 0 0 0
0 16 0 0 19 20 0 0 9 18 0 0 17 12 0 6 4 15 7 0
10 0 0 0 0 0 0 0 11 19 0 0 13 15 0 0 0 0 14 0
15 0 0 12 0 10 0 0 6 8 11 0 0 20 14 0 0 16 0 0
0 0 0 4 0 19 10 0 0 0 0 0 1 0 0 7 0 0 16 13
0 0 0 0 0 0 0 0 0 0 0 0 4 14 13 0 0 0 0 6
19 0 11 2 0 8 0 0 14 0 0 12 6 5 0 0 0 0 0 9
0 0 0 16 0 0 6 0 18 9 0 15 0 0 20 0 8 11 4 0
