0 0 0 0 0 0 0 20 0 15 0 0 0 6 0 0 0 4 11 0
0 11 0 0 0 0 0 0 9 0 0 20 0 0 12 0 2 0 16 0
0 0 0 0 9 0 0 0 0 5 12 6 0 0 0 1 0 0 10 0
0 0 16 0 0 0 0 0 10 0 0 0 18 0 0 0 0 0 0 5
0 0 14 18 0 16 0 17 2 0 0 0 20 0 11 0 6 12 0 0
17 0 0 0 0 0 0 0 19 20 0 0 0 0 5 14 15 18 0 8
4 0 0 9 0 20 0 0 0 16 18 0 0 0 0 0 1 0 0 0
13 0 0 0 0 0 0 18 0 7 0 0 1 0 0 15 10 17 0 2
0 0 0 0 0 0 0 0 0 6 15 2 0 0 0 0 9 0 19 3
18 0 0 0 2 0 0 0 0 10 0 0 0 0 0 19 11 0 0 16
14 0 0 0 12 0 3 0 0 0 0 0 0 0 2 5 0 0 13 0
16 13 0 0 0 0 0 0 4 19 0 0 8 12 0 0 5 0 0 0
10 4 0 0 0 0 0 0 0 0 0 15 0 0 0 0 0 0 0 7
0 0 17 7 0 19 0 0 0 2 0 0 0 0 4 0 8 6 0 0
0 0 0 5 0 7 2 0 0 0 3 0 0 14 13 0 12 0 9 15
0 0 18 0 0 17 0 0 15 0 0 0 0 0 0 0 0 0 0 9
0 0 0 0 0 0 0 0 0 0 0 7 13 0 0 18 0 0 0 12
0 0 13 0 20 0 0 0 0 9 11 19 0 0 0 0 18 0 0 0
0 0 0 3 7 11 5 12 18 0 0 0 19 8 15 20 13 0 0 0
12 0 4 20 18 0 16 19 3 0 0 5 0 2 10 11 17 1 15 0
