0 0 0 0 0 0 20 8 0 0 0 0 0 0 2 0 0 0 11 13
2 9 15 0 0 0 12 14 1 0 0 20 0 8 0 0 0 3 0 0
7 0 0 20 3 0 4 0 0 6 0 0 18 0 0 0 0 0 0 0
0 0 0 0 0 0 0 0 5 0 7 0 0 0 0 0 17 0 0 0
8 0 0 13 15 0 0 0 4 0 0 3 19 5 0 20 0 9 0 0
0 0 9 0 14 0 15 0 0 12 0 0 0 20 1 0 0 0 0 0
0 0 0 6 0 0 0 0 8 0 14 9 15 0 13 0 0 0 0 3
0 0 17 0 0 9 0 0 13 0 4 0 0 0 6 0 0 1 0 0
0 0 20 0 0 13 0 0 17 1 0 6 0 0 0 18 0 0 0 0
0 0 0 0 0 3 7 4 0 20 16 2 0 17 11 0 0 0 5 0
0 15 6 17 0 0 0 0 0 14 1 0 11 9 20 8 0 0 12 10
0 0 8 0 12 0 18 0 0 0 0 5 0 10 0 13 0 7 0 0
0 0 16 0 20 17 0 0 19 0 0 13 12 0 0 0 0 0 0 0
0 0 7 0 0 0 0 11 9 0 8 18 0 19 0 6 0 0 3 0
0 19 0 0 0 0 0 0 0 0 0 0 7 0 14 0 0 0 18 0
0 0 3 0 0 0 11 0 0 0 0 1 17 12 0 0 0 0 9 0
0 0 13 0 0 0 0 0 0 3 0 16 0 0 18 0 0 0 0 0
0 0 14 0 8 18 0 2 0 0 0 0 20 15 0 0 0 4 13 0
17 6 0 5 0 4 3 0 0 0 0 0 9 13 0 0 11 0 15 0
1 0 18 7 0 0 17 0 0 0 0 0 0 0 3 11 0 0 8 0
