17 0 0 0 16 0 20 0 8 9 0 0 1 2 0 0 0 13 15 0
16 0 0 0 0 10 12 0 2 0 0 13 0 0 0 0 18 0 0 17
19 3 12 0 1 5 6 11 16 0 0 20 9 0 15 13 0 0 8 0
1 0 20 0 0 0 0 0 0 14 15 0 11 0 17 18 5 0 0 0
0 0 13 0 7 0 0 0 3 0 0 0 0 19 0 0 1 2 10 0
0 0 10 0 3 0 0 19 13 0 0 0 15 0 0 9 0 0 0 7
0 0 19 0 0 0 5 0 0 0 0 11 0 3 0 0 0 14 0 9
0 8 0 0 0 0 0 9 0 0 0 18 19 0 0 0 0 0 0 0
0 0 0 0 10 0 0 0 5 1 0 0 0 0 0 0 0 0 0 13
15 0 0 17 0 0 0 0 0 0 0 0 0 0 18 0 12 0 2 19
0 0 0 0 0 0 19 0 0 0 0 0 10 8 0 0 0 16 0 0
0 16 0 0 18 0 0 13 0 0 0 0 12 0 0 0 17 0 5 0
20 12 0 19 0 0 1 0 14 7 2 0 0 13 4 0 9 0 6 18
0 2 0 0 0 0 0 0 0 0 4 5 0 15 0 19 7 0 13 0
0 0 5 0 0 0 16 0 12 0 0 0 0 14 6 20 0 0 4 0
0 0 0 0 13 9 0 0 0 0 12 4 5 0 0 0 0 0 0 6
0 19 0 11 0 0 0 0 10 0 13 0 0 0 0 0 0 0 0 0
0 0 0 0 0 0 7 0 0 0 14 0 4 17 10 12 13 0 0 0
7 0 8 0 0 0 0 17 1 0 0 0 0 0 13 0 0 0 0 0
0 0 6 0 0 1 0 0 9 3 17 16 0 0 0 0 2 0 0 0
