0 5 7 0 1 16 0 0 19 0 12 0 11 0 0 0 0 0 0 9
13 0 0 0 16 0 2 0 0 0 0 0 0 0 10 0 11 12 0 0
9 10 0 0 0 0 0 0 0 14 15 17 18 0 0 16 1 4 0 0
0 2 0 19 20 0 6 0 0 0 0 0 0 0 16 0 8 10 0 0
7 19 0 0 12 0 0 8 16 0 0 0 0 0 0 11 0 14 0 0
2 20 16 0 9 15 0 0 4 0 0 14 0 0 0 0 0 0 8 0
0 0 0 0 5 18 0 0 0 0 0 0 6 0 0 19 13 0 9 0
6 0 13 4 0 0 0 0 0 11 0 10 16 0 0 0 0 0 0 0
12 7 0 14 17 0 0 0 0 0 18 6 0 10 4 3 16 5 0 11
20 0 0 0 0 0 0 16 7 3 0 11 1 0 0 0 0 6 0 0
0 0 0 10 0 0 0 0 0 0 7 0 0 0 17 0 0 0 0 0
16 0 0 6 0 0 0 0 0 0 8 13 0 0 0 9 20 0 0 10
0 0 0 0 0 0 7 15 0 0 0 18 0 0 11 12 0 8 0 6
18 0 0 0 0 0 0 0 0 0 13 0 7 0 0 0 0 0 10 0
8 9 12 0 0 6 0 20 1 13 14 0 0 0 0 0 5 0 15 0
0 0 0 11 0 0 0 0 0 2 0 0 0 0 0 0 0 13 16 0
0 0 0 20 4 0 0 0 0 0 0 0 0 0 0 0 7 0 0 0
15 0 17 5 0 19 8 0 14 4 0 0 10 0 7 0 0 18 0 12
0 0 0 0 0 0 0 0 0 0 0 0 13 0 0 0 14 19 0 16
0 0 8 0 0 0 16 0 0 0 4 15 12 0 0 0 10 0 0 17
