0 0 0 10 0 2 5 0 1 4 0 0 0 0 9 7 15 0 3 0
0 17 15 0 0 0 0 10 13 0 0 4 6 0 0 20 0 1 0 0
19 8 20 0 0 0 18 0 0 0 0 3 5 0 16 0 0 0 4 0
6 7 4 0 0 0 19 0 0 0 0 0 0 0 0 9 0 0 16 0
0 0 0 0 0 15 0 0 5 0 0 0 0 0 17 0 20 13 0 0
4 0 13 0 12 0 0 0 8 0 20 15 10 0 0 0 0 0 0 9
0 2 7 0 0 0 0 9 0 0 8 0 0 5 0 0 3 4 0 0
0 15 0 0 0 0 0 0 0 0 0 6 1 4 0 5 0 0 11 0
0 0 17 4 0 19 0 20 7 0 10 11 12 0 0 0 0 2 0 6
2 9 0 0 0 10 6 0 0 16 0 5 0 18 0 12 0 7 0 0
3 0 0 0 0 0 0 0 17 18 0 2 0 16 19 14 0 9 0 0
0 0 0 0 20 0 2 0 4 0 0 0 9 15 0 16 0 0 0 0
0 0 0 0 0 8 1 0 0 3 11 0 0 0 12 4 16 0 20 0
18 0 0 17 0 0 0 5 0 0 0 1 0 3 0 0 9 0 10 0
0 0 16 0 0 0 9 0 0 0 4 13 2 0 0 0 17 0 0 0
0 0 12 15 4 0 0 0 0 0 0 0 0 0 5 0 0 0 0 2
0 0 0 0 0 4 13 0 0 0 0 0 11 0 1 0 0 0 0 16
0 0 0 0 0 0 0 0 0 0 0 0 0 0 0 0 11 0 0 0
0 4 0 0 13 0 0 12 19 0 0 14 15 0 0 8 0 20 2 1
0 0 0 5 0 0 0 0 0 0 0 0 16 2 0 17 0 0 0 0
