0 0 0 8 0 19 7 20 0 0 0 11 0 0 0 0 15 12 0 0
0 15 0 20 8 0 0 0 2 0 0 19 0 0 0 4 0 0 0 10
0 0 0 0 14 0 0 0 0 0 12 0 13 0 0 0 0 0 3 0
0 0 3 0 1 0 5 0 0 0 0 0 0 0 0 0 6 0 0 0
7 16 18 0 0 0 0 13 1 0 0 8 0 0 15 12 2 0 14 0
9 0 0 0 0 7 0 0 16 17 0 0 19 5 0 0 13 2 0 0
0 0 0 0 0 0 0 0 0 10 0 6 0 0 0 14 0 19 0 0
0 0 6 0 0 0 0 14 0 0 0 4 0 0 0 16 0 0 0 8
19 0 0 3 16 0 0 17 12 15 8 5 4 0 0 0 0 18 0 0
20 0 0 2 0 0 0 0 0 0 14 0 0 0 0 17 4 16 0 0
0 0 0 0 0 0 20 7 0 3 11 0 0 0 5 13 0 1 0 4
0 0 0 15 0 0 0 6 0 4 0 0 0 12 0 0 0 0 2 9
0 0 13 11 0 10 0 0 7 6 0 15 2 18 0 0 8 14 0 0
0 0 14 0 0 11 0 0 0 0 19 0 10 0 0 0 18 13 20 0
0 8 9 0 0 0 4 0 0 0 0 18 0 19 0 0 0 0 0 0
0 0 0 0 0 0 0 0 0 0 5 0 0 0 0 0 3 0 0 0
8 3 0 0 6 12 0 0 17 0 0 7 16 4 18 0 0 0 0 20
15 0 0 0 0 0 0 0 0 11 0 0 0 20 0 0 12 6 4 0
0 20 0 0 15 0 8 0 0 0 0 0 0 17 10 0 11 9 0 2
0 17 0 0 0 16 0 0 19 20 15 0 0 0 2 3 5 0 0 7
