0 0 13 20 10 0 0 0 0 3 0 0 0 0 0 0 0 0 0 0
0 0 0 0 0 0 0 0 0 2 0 0 0 0 0 0 0 0 0 15
8 0 0 0 3 1 0 4 0 0 0 13 0 0 0 0 0 0 11 0
0 0 0 0 6 0 15 11 10 0 0 0 0 20 9 3 0 17 0 0
0 0 4 11 0 0 7 0 19 0 9 6 12 0 0 0 0 13 0 0
0 0 17 18 20 5 0 0 3 0 7 0 15 0 0 12 0 0 0 0
5 6 0 0 0 0 0 14 0 0 0 1 13 0 20 17 0 0 8 9
0 0 0 0 19 0 0 0 0 0 0 0 5 8 17 11 0 0 0 0
0 0 0 0 0 0 0 0 0 0 0 19 0 11 0 2 0 12 0 0
19 0 0 0 17 0 0 15 1 0 0 0 0 0 0 0 0 4 0 0
0 20 0 6 4 0 10 5 12 0 0 0 16 9 0 0 13 0 1 0
0 0 18 1 0 0 0 0 0 0 0 0 0 0 5 0 0 0 0 0
18 19 0 0 8 16 0 0 0 0 12 11 20 1 0 0 17 0 0 4
0 0 9 13 0 0 0 0 14 1 0 0 7 18 0 16 0 5 12 0
10 0 12 0 1 0 4 0 0 5 16 0 3 2 6 0 14 0 19 0
0 4 0 3 0 0 0 8 0 0 0 0 0 0 0 0 0 0 0 0
0 0 10 8 0 0 0 16 0 13 0 20 0 12 19 0 2 0 0 1
0 12 0 0 0 0 20 0 4 0 5 2 0 0 0 0 0 0 7 0
2 7 20 0 13 0 9 0 0 0 0 16 14 6 8 0 19 0 17 0
0 5 0 9 0 0 0 2 0 0 17 7 0 0 0 0 0 0 0 0
