0 10 0 11 0 16 8 0 7 18 0 0 0 0 0 0 0 4 0 0
2 0 7 0 9 0 0 0 13 0 0 6 0 0 0 0 14 17 0 0
13 14 15 4 16 0 19 0 0 0 0 0 0 17 0 3 6 7 0 11
0 18 0 0 0 1 14 15 2 6 0 4 7 0 0 0 10 0 0 0
0 0 0 0 20 0 4 5 0 0 6 13 2 3 0 0 15 0 0 1
0 0 0 6 0 15 0 0 19 0 0 0 0 0 0 18 7 0 14 17
0 4 0 0 0 0 9 1 0 0 0 0 10 0 0 0 3 0 0 6
3 0 5 0 0 0 0 7 20 0 14 0 0 0 0 0 11 0 0 8
0 0 12 0 7 19 0 0 6 3 8 0 5 0 0 0 0 0 0 0
0 0 0 0 0 20 7 0 12 0 0 0 0 0 0 0 0 0 0 0
20 0 10 0 0 13 0 2 15 0 4 0 0 0 0 0 0 18 9 0
16 0 0 0 0 0 0 0 0 14 12 17 18 0 13 7 0 19 0 0
0 3 0 0 0 0 0 0 0 8 0 12 14 2 4 0 0 11 10 18
0 0 0 12 13 0 0 18 0 19 7 0 0 0 0 15 17 0 0 0
0 0 18 0 4 17 0 0 0 20 0 0 16 0 9 0 0 0 0 19
0 0 1 0 0 5 0 0 0 0 20 0 0 0 0 0 0 16 0 0
0 0 0 18 0 0 0 0 0 0 0 0 0 0 0 0 0 0 20 9
7 16 2 0 6 0 0 0 10 0 0 0 11 0 12 0 0 8 0 0
19 15 0 1 3 0 0 0 17 0 0 0 0 0 0 11 0 0 0 0
0 0 0 0 0 0 0 0 16 0 0 0 0 0 0 0 0 0 2 3
