0 6 0 0 0 0 0 0 18 0 0 0 0 0 0 0 2 3 10 0
0 0 0 0 0 0 0 7 0 0 1 0 10 0 0 0 0 0 0 0
2 0 0 10 0 0 13 0 0 19 4 0 0 0 17 0 18 7 0 0
7 0 0 12 13 0 0 0 0 0 18 14 19 0 0 4 0 0 0 0
0 0 0 0 0 20 11 16 0 18 5 0 4 0 9 10 0 0 0 0
0 0 5 0 3 0 4 9 0 0 0 12 0 0 10 0 0 0 0 0
19 0 10 0 4 3 0 0 0 15 0 18 0 0 0 0 0 0 6 0
0 14 0 1 2 0 0 0 0 0 3 20 0 17 16 7 0 9 15 0
0 0 0 0 0 17 7 12 0 0 0 0 0 0 0 0 1 0 3 0
0 10 16 7 5 9 0 0 0 0 14 6 20 0 8 0 15 12 0 19
11 0 19 0 17 0 0 0 0 0 12 0 0 7 2 14 6 0 0 10
0 0 2 0 0 0 0 0 0 0 13 17 11 0 0 0 9 4 18 0
0 0 6 0 0 0 0 0 0 0 16 13 0 18 7 0 0 0 0 20
0 0 0 13 0 0 0 0 9 0 0 0 0 0 14 0 11 0 0 1
14 5 0 0 0 0 8 0 15 0 17 0 0 0 0 0 0 0 12 0
0 0 0 19 18 0 0 0 0 13 15 0 9 2 0 0 10 0 0 8
5 0 0 0 9 0 0 0 0 0 0 0 14 0 18 0 0 0 1 0
0 0 0 0 0 0 0 0 0 0 0 0 0 0 0 18 0 11 0 15
0 2 0 14 0 13 0 15 0 0 9 0 5 12 0 0 8 0 0 0
0 0 8 0 0 0 0 18 3 7 0 0 2 0 6 0 14 0 0 5
