0 0 0 0 0 0 0 0 0 0 0 0 0 3 0 6 0 7 10 14
0 0 11 0 3 0 0 7 8 0 5 10 12 0 0 18 19 20 1 0
0 0 6 0 4 0 0 13 0 0 2 14 19 0 0 0 0 0 0 17
0 0 16 17 14 10 9 15 18 0 0 0 0 7 0 11 0 2 0 0
0 4 0 0 0 20 0 0 3 0 7 0 0 0 14 0 0 0 0 0
0 12 0 16 6 13 11 0 0 0 17 0 0 0 0 0 4 0 0 9
0 0 0 0 9 0 0 0 15 0 0 5 0 0 12 0 0 13 0 0
0 0 0 15 0 0 10 0 0 0 9 0 13 0 6 0 0 0 20 0
0 5 0 0 17 0 0 0 0 18 1 0 0 0 0 3 2 0 0 0
0 0 0 0 20 0 0 5 6 0 11 0 7 4 0 0 0 0 0 0
0 0 0 1 5 0 0 0 0 0 0 18 0 0 19 0 0 0 0 0
0 0 0 0 0 0 0 0 17 15 0 1 20 0 3 0 7 0 0 0
12 0 0 0 0 9 0 0 4 2 19 8 6 0 0 13 17 0 0 0
11 0 0 0 0 16 0 0 0 0 14 6 0 2 0 0 0 0 0 0
0 0 0 4 0 0 2 0 0 0 0 0 0 1 17 0 0 0 0 10
17 2 0 0 0 0 20 0 0 12 0 0 5 18 13 0 0 4 0 7
0 0 10 0 0 0 0 6 1 0 0 0 0 12 0 0 0 18 3 0
0 6 7 13 12 0 0 0 2 17 18 9 15 8 0 0 1 0 5 20
0 0 0 0 0 0 0 17 10 0 8 13 0 0 0 0 16 0 12 0
0 0 0 0 0 5 15 0 0 0 0 0 0 0 2 10 0 0 0 0
