0 0 0 0 0 4 0 0 0 0 12 0 0 0 0 0 1 0 0 0
0 0 0 0 6 0 3 7 15 0 0 11 0 20 0 0 0 0 0 18
20 16 0 0 0 2 10 0 18 13 0 0 0 0 0 0 0 0 0 0
0 0 0 0 3 0 0 0 12 0 14 0 15 4 9 0 0 0 19 7
12 0 0 0 0 0 15 0 5 0 0 8 1 0 0 10 0 14 0 0
0 10 18 0 0 0 0 0 0 0 0 15 0 14 0 0 6 12 3 0
14 4 0 0 0 7 12 0 0 0 0 17 0 6 13 0 0 0 0 0
0 0 3 8 0 0 0 0 0 0 0 20 0 0 16 0 0 0 0 13
0 0 6 0 15 0 0 12 4 0 5 13 0 0 0 0 20 16 0 19
0 0 0 0 17 0 0 14 3 0 0 0 18 19 0 0 8 0 10 11
0 0 19 0 20 0 5 0 0 0 1 2 3 9 0 0 12 0 14 0
7 0 0 0 13 6 0 0 0 20 0 0 0 0 0 1 2 0 0 0
10 0 14 0 12 15 0 0 9 8 0 0 0 0 0 0 0 0 0 1
0 5 0 0 0 0 0 1 0 0 0 0 4 0 18 13 0 17 0 14
16 0 0 7 0 0 0 4 10 0 0 0 0 0 0 0 0 0 0 0
0 0 0 1 0 0 17 18 14 0 0 0 0 10 0 0 0 0 0 2
13 0 0 0 10 0 0 0 16 0 3 4 0 0 0 18 17 0 15 6
0 0 4 0 1 0 20 0 0 0 0 7 19 0 0 0 0 0 0 0
0 0 0 0 18 0 0 10 0 0 9 0 20 16 5 0 0 11 0 0
0 0 5 2 0 12 0 0 0 0 17 0 11 18 6 0 7 1 0 0
