3 10 0 11 6 0 0 0 0 0 12 0 0 0 18 0 14 16 15 20
0 0 0 0 9 5 0 0 4 0 0 19 0 0 0 20 0 0 0 0
14 15 18 0 0 0 17 12 0 0 0 0 0 0 0 13 0 5 2 0
0 17 0 0 19 14 18 15 0 0 6 0 0 0 8 0 0 0 0 0
0 1 0 9 0 8 0 0 0 0 0 0 7 4 0 0 0 18 0 19
0 16 0 17 0 0 0 7 0 0 0 0 13 0 0 10 15 3 0 5
0 0 0 0 13 0 5 2 0 0 0 0 0 15 7 0 0 0 0 0
0 0 0 0 0 0 0 16 12 0 0 0 0 9 4 5 0 0 13 0
0 13 4 3 14 15 0 18 9 0 0 5 0 0 0 0 0 0 0 10
9 0 0 0 17 0 0 19 0 18 0 0 3 8 0 0 2 0 0 0
0 0 0 0 7 17 0 0 0 0 0 0 0 18 0 0 0 0 20 0
15 0 6 0 8 0 0 0 18 0 0 0 0 14 0 0 0 0 0 2
0 0 0 0 2 18 0 5 3 0 13 12 4 0 0 9 0 19 1 0
1 18 0 0 0 0 0 0 17 5 0 15 0 20 0 0 0 13 4 0
0 0 17 0 12 0 0 6 0 0 0 1 8 0 3 0 0 15 0 0
17 14 19 0 0 0 0 0 0 0 5 9 0 0 16 0 18 0 0 0
0 0 0 0 0 0 6 0 0 0 0 0 20 0 13 0 0 0 16 17
10 0 0 0 0 0 0 0 0 0 0 0 17 0 0 0 0 0 0 4
0 0 11 0 15 16 0 0 2 0 0 0 5 0 6 0 0 0 0 0
0 0 3 0 0 2 19 0 0 11 0 17 10 0 0 8 5 0 0 0
