0 0 0 0 0 0 13 0 16 0 17 18 11 0 0 0 0 20 8 9
0 0 0 0 0 0 20 0 2 3 0 0 0 0 0 6 0 0 11 0
0 0 5 20 0 0 15 16 0 0 8 9 13 0 17 18 0 0 12 0
0 11 0 0 0 0 0 0 0 0 0 13 19 0 0 0 1 0 0 0
0 0 0 6 7 8 1 0 15 0 11 20 0 2 0 0 0 0 17 0
11 0 0 0 0 10 0 0 0 0 19 4 0 20 0 3 0 0 0 0
0 2 17 0 0 0 0 0 0 8 0 0 12 0 0 10 0 0 0 0
0 4 0 8 12 14 0 7 0 0 0 15 0 17 0 0 10 0 0 0
10 0 0 0 0 17 0 0 11 12 20 0 0 0 0 4 0 14 0 0
0 0 0 18 0 20 0 0 10 13 0 0 0 6 0 0 11 0 0 0
0 16 0 0 0 0 0 0 0 18 0 8 3 19 0 2 0 17 14 0
13 0 0 0 0 0 0 2 0 15 12 0 20 0 0 1 0 0 19 0
0 0 8 0 0 0 0 4 0 0 0 10 15 0 0 7 0 0 0 0
0 0 10 0 0 0 12 0 0 0 16 0 0 4 0 17 0 7 15 1
12 1 11 0 20 18 7 0 0 2 4 0 16 10 0 5 0 0 9 0
0 6 13 11 0 0 0 0 0 20 0 0 0 14 0 0 0 15 0 0
0 7 0 0 6 0 0 0 12 0 0 0 0 0 0 0 8 0 18 0
0 0 0 10 9 2 0 0 0 0 0 0 0 0 0 0 13 0 0 0
0 0 0 16 0 0 0 20 0 9 0 0 0 15 0 11 14 0 0 0
0 0 4 9 0 0 8 0 13 0 18 0 0 0 0 0 0 1 0 17
