0 0 1 0 4 0 0 0 0 0 10 0 0 0 0 0 12 0 0 0
0 0 0 17 0 16 0 0 0 0 0 0 0 4 0 0 0 3 0 0
0 7 0 0 0 0 17 15 0 13 0 0 0 0 0 0 0 1 0 0
0 0 0 20 0 0 0 10 0 8 13 0 0 0 0 0 5 7 17 9
0 3 6 7 0 0 0 0 18 14 0 0 15 5 0 0 0 0 0 1
0 0 0 0 0 0 0 0 0 17 0 0 4 1 6 0 7 0 3 0
0 13 0 15 0 0 0 0 20 0 0 9 0 11 0 12 8 4 10 0
0 18 0 4 0 0 0 12 0 0 14 8 10 0 0 5 0 0 9 13
0 0 0 9 0 10 0 0 0 12 0 2 0 20 0 0 15 0 0 8
0 16 0 10 0 0 0 13 5 15 0 7 0 0 0 0 0 17 0 0
4 0 15 8 0 0 0 0 14 0 0 0 0 10 12 0 0 0 0 0
5 12 0 0 0 0 0 0 0 0 6 0 16 0 0 0 0 0 0 0
0 0 2 13 15 0 0 0 9 0 0 11 0 0 0 0 4 0 6 0
0 0 0 0 11 3 0 0 0 6 18 0 0 2 0 20 0 0 0 17
14 0 5 0 17 0 0 11 0 0 0 10 0 13 0 16 18 0 0 19
0 0 7 18 19 0 0 8 15 0 0 0 0 0 0 0 2 0 0 12
0 0 0 0 0 19 20 0 16 0 15 13 9 8 11 0 0 0 0 0
0 0 0 0 0 0 0 0 0 0 0 5 0 16 2 8 20 0 19 0
8 0 0 0 12 0 11 5 0 0 0 1 0 17 0 6 0 9 4 0
0 20 0 0 18 0 0 9 8 0 0 0 3 0 0 0 1 0 0 0
