0 12 7 0 0 0 0 0 0 0 0 0 0 0 0 0 18 0 10 0
0 0 14 0 0 10 0 0 0 0 0 0 7 9 0 0 8 0 0 0
11 9 0 0 0 0 0 17 0 7 4 0 0 0 0 20 0 3 0 0
0 6 0 0 0 0 0 0 11 1 0 13 0 12 0 0 14 17 0 0
3 4 0 0 8 12 0 0 0 2 6 19 0 0 0 0 0 11 0 20
0 0 0 0 0 0 0 0 0 0 0 0 0 0 7 0 0 0 0 0
18 0 19 9 13 8 0 0 0 0 0 0 0 0 1 0 11 0 0 16
4 0 0 0 0 2 0 0 0 0 0 0 0 0 9 6 0 0 0 0
7 0 0 6 0 0 4 12 0 14 0 0 0 0 0 0 0 5 9 18
0 13 0 0 0 9 0 19 0 0 0 11 17 0 0 10 6 0 4 1
0 0 0 0 0 4 0 1 0 0 0 10 3 0 0 13 0 0 0 0
0 20 13 3 5 16 10 0 4 18 19 0 8 17 12 0 7 0 0 0
10 0 0 0 0 15 0 7 3 0 13 0 0 1 6 5 19 0 0 0
0 0 0 0 0 0 12 8 20 0 0 0 0 19 4 9 0 13 3 0
0 7 0 0 0 0 0 0 0 0 17 0 0 0 0 0 0 0 8 5
0 0 0 0 0 0 0 9 19 0 15 0 0 0 2 0 20 0 0 0
20 0 0 0 0 0 0 0 0 0 0 0 6 0 5 0 12 0 15 0
0 5 0 12 0 7 0 0 0 11 0 17 0 0 20 0 0 10 0 0
0 0 9 7 0 0 0 0 0 0 12 0 0 0 0 0 0 6 11 13
0 0 10 8 12 17 0 0 14 20 16 5 15 4 0 7 0 0 0 2
