0 16 0 0 6 0 0 9 10 7 0 0 0 0 0 4 0 0 0 0
0 10 15 0 5 0 0 0 11 0 4 18 16 17 0 0 0 7 0 0
5 1 0 20 0 0 0 11 0 0 0 17 0 0 0 0 0 0 0 13
0 0 0 0 0 0 0 0 0 0 0 20 10 11 0 0 0 5 0 0
0 9 0 0 18 0 0 0 5 0 0 3 0 0 0 0 0 0 0 0
16 0 0 0 0 4 0 0 0 0 0 0 0 0 1 5 0 6 13 0
19 0 0 0 13 0 0 16 20 0 15 0 0 2 4 0 0 0 0 7
0 0 0 0 0 0 15 10 0 0 0 9 0 0 6 0 16 0 4 19
10 8 4 11 0 0 1 0 0 17 18 0 19 0 7 0 14 3 15 0
0 12 0 0 11 0 0 0 0 0 0 0 20 0 9 0 0 10 17 2
0 0 16 0 0 15 0 7 0 0 0 0 0 0 5 1 0 0 0 0
18 0 5 0 17 0 12 0 15 4 9 0 0 16 0 0 3 0 0 1
0 0 12 1 0 0 6 0 0 0 13 5 4 9 0 8 7 2 0 0
0 20 2 0 0 13 0 0 0 0 0 7 0 19 0 0 0 0 11 0
3 11 0 0 2 0 0 0 0 18 0 1 0 0 0 17 0 0 8 0
0 0 0 0 0 0 0 0 0 0 0 14 0 0 16 0 18 13 0 0
12 0 0 0 4 0 0 0 0 0 17 0 0 0 0 0 6 0 0 0
11 0 0 0 1 16 0 0 6 0 0 0 0 8 2 13 0 4 0 0
0 0 0 0 0 5 11 0 0 0 0 13 14 0 17 20 0 8 2 0
0 13 9 17 0 0 0 0 16 0 0 0 0 0 0 6 0 0 0 0
