0 0 0 18 0 0 0 0 0 14 15 9 16 0 0 19 20 0 6 0
0 14 17 0 20 5 15 0 0 16 0 2 10 3 11 0 0 0 0 18
0 0 0 0 0 1 8 0 0 12 14 19 0 0 0 0 9 10 0 0
3 12 9 0 0 0 0 0 20 10 0 0 8 0 0 1 0 0 0 0
0 0 0 0 0 0 0 18 0 0 2 20 11 0 1 8 0 3 0 6
18 0 0 12 0 0 0 0 0 0 7 0 0 0 0 0 0 0 0 0
0 0 2 0 0 0 0 0 1 0 9 0 12 0 0 13 0 18 5 0
0 8 0 1 0 12 0 0 0 0 0 0 4 0 0 0 0 17 0 20
0 0 0 0 0 0 0 20 8 0 0 15 0 0 10 6 0 0 9 19
9 13 8 0 0 0 0 0 0 0 0 1 19 0 0 0 0 0 0 0
0 1 0 2 0 4 5 0 0 19 20 0 0 0 8 16 0 0 3 0
0 15 14 0 0 0 0 3 0 0 0 0 0 0 13 10 0 0 0 0
0 0 1 3 0 0 0 0 0 4 0 0 0 0 0 15 17 0 0 13
0 0 4 7 11 0 0 0 10 17 16 13 15 0 6 0 0 0 8 3
0 0 0 0 0 0 0 16 3 8 0 0 0 0 17 2 0 0 1 0
13 19 0 0 8 0 0 0 0 0 0 18 0 1 4 0 0 0 0 0
0 0 13 6 0 18 0 0 0 0 0 0 0 7 0 17 10 0 16 0
0 7 0 0 0 0 0 0 0 9 0 0 0 0 2 0 19 6 0 5
0 0 18 0 0 0 0 8 19 0 6 0 0 11 0 0 0 0 20 14
0 0 0 0 0 0 0 0 6 0 18 17 0 16 0 0 0 0 0 0
