0 0 0 14 16 0 17 18 0 20 0 5 0 0 0 0 1 2 0 0
0 0 17 0 0 0 0 14 0 19 2 0 3 7 8 0 0 0 0 20
0 3 0 19 0 4 5 0 7 0 0 0 0 0 0 0 12 13 0 0
7 0 0 0 0 0 0 0 3 0 0 16 0 0 0 0 4 5 6 0
0 0 3 0 0 1 0 0 0 0 14 15 6 0 0 0 0 0 8 0
20 0 8 0 9 0 15 0 11 0 13 0 12 0 0 0 0 7 0 0
0 0 19 0 0 6 0 0 12 0 0 0 0 0 5 0 10 0 0 16
0 0 5 15 0 0 0 8 0 0 0 0 0 0 0 2 0 0 0 18
0 7 0 8 0 0 12 19 20 0 0 13 4 0 0 0 18 3 0 9
0 0 0 0 6 13 11 15 0 4 0 0 9 0 7 0 0 0 0 0
0 0 16 0 0 17 6 1 0 0 0 0 0 0 11 0 7 8 0 0
19 12 0 0 0 0 9 3 8 0 0 0 0 0 16 5 0 11 2 15
0 15 0 17 0 0 0 0 0 0 0 0 0 0 0 10 0 0 0 0
0 19 0 0 2 0 0 0 6 0 0 14 0 5 12 17 0 0 0 0
1 5 0 0 0 0 0 0 14 0 0 17 0 0 18 0 0 0 0 0
14 0 0 0 0 0 0 0 0 17 0 0 19 13 0 0 0 0 0 11
0 0 15 0 0 0 10 0 0 0 0 0 2 11 1 0 0 9 0 0
5 0 2 0 0 0 0 9 19 12 0 0 16 0 0 0 0 0 0 13
11 17 0 12 19 0 0 13 0 0 0 0 14 0 0 0 3 1 0 0
0 0 0 0 0 0 3 20 0 1 0 10 5 0 13 0 0 0 0 7
