0 0 0 2 5 0 11 0 0 0 0 20 0 0 17 0 0 0 13 0
12 0 17 0 0 1 0 3 0 0 10 0 19 0 15 0 8 9 0 0
9 0 0 0 0 0 0 0 0 0 0 0 1 0 0 13 16 19 5 15
0 0 0 0 0 0 0 0 0 0 0 0 12 0 0 18 0 0 0 0
1 13 0 15 0 0 0 0 2 0 0 0 0 4 5 0 0 0 0 0
0 12 0 0 6 2 0 1 0 0 0 0 4 0 10 0 0 0 9 0
0 0 0 0 8 16 0 0 18 0 0 0 5 11 0 0 0 15 2 17
0 8 0 0 13 20 14 0 0 0 9 0 0 0 0 0 0 5 0 0
0 0 0 10 0 0 0 9 1 4 6 0 0 8 0 20 0 0 0 13
0 15 0 0 0 0 0 0 19 12 5 0 14 0 7 0 0 6 8 1
10 0 0 0 0 14 0 13 0 8 0 0 18 0 0 0 19 20 7 0
19 11 0 6 0 0 8 2 14 0 13 0 10 0 0 9 0 3 18 0
0 0 0 0 0 0 1 18 0 0 0 0 0 0 13 0 0 14 11 0
0 0 0 0 11 0 0 0 0 2 18 0 0 0 0 12 13 16 0 10
0 18 0 0 16 0 0 0 0 3 17 15 0 0 19 0 0 0 0 0
0 14 16 7 0 0 0 5 6 0 0 0 0 0 0 0 0 0 12 0
0 0 0 0 0 13 0 14 5 0 0 18 0 0 2 15 0 0 0 0
0 0 0 0 0 9 10 0 0 17 0 3 0 7 1 14 0 0 0 0
20 5 2 0 0 0 0 0 13 0 0 19 8 18 0 0 0 0 0 4
0 0 0 0 0 19 0 0 12 0 0 0 6 0 0 0 15 0 0 0
