0 5 0 0 0 0 19 6 0 0 0 0 0 0 0 4 8 11 0 0
0 0 0 0 0 0 0 0 0 0 0 20 0 0 0 5 15 0 0 0
1 0 0 10 8 20 0 0 12 0 0 0 16 0 11 0 0 0 0 0
14 0 0 20 0 0 5 7 0 8 1 0 0 0 0 0 17 0 13 0
0 11 0 0 0 16 0 1 5 6 7 0 0 0 0 0 0 4 0 12
18 20 11 12 0 1 0 0 0 0 0 0 13 9 0 0 0 8 15 17
13 0 9 3 7 0 0 0 0 4 0 17 0 12 0 0 0 0 14 0
0 0 7 0 0 13 0 0 8 0 20 12 0 0 0 0 0 0 3 0
0 6 0 8 0 14 0 0 10 0 3 0 0 0 0 7 0 0 0 0
0 0 0 1 9 0 0 3 13 0 0 6 0 14 0 0 0 7 0 0
16 0 0 11 3 8 13 0 2 0 0 0 0 4 0 10 0 0 5 20
0 0 20 0 0 4 0 0 3 12 9 0 0 8 0 0 18 0 17 16
0 0 0 0 0 0 9 0 0 20 0 0 0 0 0 16 0 0 2 7
0 13 0 0 0 0 16 5 1 0 0 10 0 7 18 0 0 0 8 0
0 0 3 0 0 12 18 0 0 16 0 4 0 0 19 0 0 0 0 0
2 0 0 0 0 0 0 0 0 0 0 0 0 6 3 0 0 0 0 0
0 0 0 0 14 0 0 0 0 0 0 0 8 0 0 18 0 17 0 2
0 0 0 15 0 7 0 10 0 0 0 0 0 13 5 0 16 0 12 1
0 0 0 16 0 0 0 13 0 0 18 0 12 0 0 0 0 0 0 0
5 9 0 0 0 0 1 0 0 3 10 0 0 0 0 20 7 19 0 13
