13 0 20 0 4 0 0 0 0 0 11 0 0 0 0 5 0 3 0 18
0 11 14 9 0 16 0 17 0 6 0 0 15 0 0 0 0 0 0 0
0 12 0 0 0 0 11 0 5 0 14 0 0 1 10 8 20 9 19 0
3 0 0 0 18 0 14 8 12 20 9 0 2 17 0 0 13 0 0 16
0 0 0 8 16 0 0 0 0 4 0 0 18 0 15 13 0 12 11 17
10 0 0 0 0 0 6 0 15 11 0 4 0 0 0 0 0 0 7 0
0 15 0 0 20 0 10 0 17 0 0 7 0 11 0 0 0 0 0 0
0 0 0 0 0 9 0 3 0 19 0 0 0 0 17 0 0 0 0 0
18 0 0 0 0 0 0 0 0 0 0 0 0 0 0 7 0 0 0 0
0 0 0 0 10 0 0 0 1 0 20 0 0 0 0 0 6 14 0 0
0 0 0 4 15 0 0 12 0 0 10 0 0 0 0 20 0 0 0 13
0 0 0 0 0 0 0 7 0 0 0 0 0 0 0 0 2 19 0 11
0 0 0 18 0 0 0 4 13 0 0 0 0 0 6 17 0 0 0 0
19 0 13 3 0 0 0 6 9 16 0 0 0 0 0 4 0 0 18 0
0 14 0 5 0 1 8 0 0 0 18 17 13 0 0 0 7 10 20 0
0 0 0 0 8 0 0 0 0 10 0 0 7 0 11 1 16 0 0 0
4 0 12 0 3 0 0 13 0 0 0 0 20 0 19 9 17 0 0 0
0 0 0 2 0 18 4 0 7 0 0 11 12 0 0 0 0 20 14 15
0 18 0 16 0 20 12 0 0 5 0 0 17 10 13 0 0 0 0 0
20 0 0 0 7 0 0 0 0 0 0 2 0 3 0 0 0 18 0 0
