8 16 17 0 0 0 1 0 0 0 0 11 0 0 0 0 0 2 0 19
0 18 0 0 0 12 0 0 0 0 0 0 0 13 16 0 0 0 9 0
0 0 0 10 0 0 0 15 3 0 0 8 12 0 0 19 0 0 7 0
15 0 20 0 6 0 0 16 0 0 19 12 2 0 0 0 0 0 11 14
12 0 3 0 0 20 0 0 0 0 0 7 6 10 0 0 5 17 0 0
0 0 13 12 1 0 0 0 9 8 14 0 10 0 0 20 0 0 0 0
0 0 1 0 0 9 0 0 15 0 0 0 0 0 0 0 18 7 0 16
4 0 5 0 0 0 7 14 20 0 1 0 0 0 3 0 0 8 6 0
0 20 0 9 15 0 16 0 0 12 0 0 14 0 0 0 13 3 4 5
0 0 7 0 0 0 20 0 5 0 13 3 0 0 0 0 9 14 0 10
0 0 0 0 0 0 0 0 0 0 0 0 7 0 2 17 0 20 0 13
0 2 0 0 0 0 15 0 6 0 0 1 0 0 0 0 14 0 0 0
0 0 0 0 0 2 0 20 0 14 0 4 0 19 6 0 0 0 0 0
0 0 0 6 7 0 0 0 12 20 5 2 0 0 9 18 0 0 8 0
0 7 0 3 8 0 0 0 0 15 0 0 0 0 0 0 0 0 0 0
0 0 4 18 0 0 0 0 0 0 0 15 0 0 0 0 0 0 0 0
0 13 15 16 10 0 3 4 0 19 0 20 0 0 8 0 0 0 0 0
0 12 0 20 0 15 0 0 0 0 0 0 3 2 10 0 0 0 0 0
0 0 0 0 20 0 0 0 0 0 0 14 19 0 18 0 3 9 10 0
0 0 0 0 12 0 17 0 0 0 0 9 0 0 0 0 0 0 14 15
