0 0 0 14 0 10 0 3 0 0 5 0 0 0 11 17 20 0 18 0
0 16 5 4 0 0 0 0 0 0 3 0 18 0 20 0 0 0 0 11
0 0 0 0 0 16 0 0 0 8 0 0 4 9 0 6 0 0 0 0
7 0 0 10 0 0 0 0 20 11 15 0 0 0 0 0 0 3 0 5
0 7 0 15 0 0 0 0 0 0 0 0 0 0 0 0 0 0 0 0
0 12 0 0 0 0 0 0 3 0 0 1 0 0 0 0 0 0 8 0
18 17 0 0 0 0 0 0 0 0 0 0 5 0 9 0 15 12 1 0
0 0 8 6 0 1 0 0 0 16 17 0 0 0 7 20 0 0 3 0
1 20 0 0 0 0 0 14 0 18 4 0 9 2 0 0 11 0 0 16
0 0 0 0 8 0 0 15 0 0 0 0 1 7 0 0 0 20 9 12
0 0 19 3 0 0 0 0 16 0 8 0 12 0 0 4 0 0 13 0
13 0 0 9 0 0 0 12 0 0 0 0 0 0 0 8 0 0 15 0
0 0 14 16 0 0 8 17 0 0 0 0 0 1 0 0 0 0 6 20
0 0 0 0 0 0 6 4 0 0 0 0 0 5 14 0 16 15 0 0
0 9 17 0 0 3 0 13 0 0 0 16 6 11 0 14 0 0 0 10
4 0 10 0 11 0 0 0 0 15 20 0 8 0 0 0 0 7 0 0
19 0 0 0 5 18 0 11 0 0 0 0 0 0 0 12 0 0 0 3
0 0 0 8 9 0 0 0 0 0 13 19 0 0 5 2 7 0 16 14
6 0 1 0 0 20 16 0 5 13 0 0 0 18 0 0 0 0 0 17
0 3 4 0 0 12 10 0 0 0 0 7 0 20 6 15 0 0 0 0
