15 16 0 0 0 0 0 0 0 0 0 2 0 0 0 0 0 0 0 0
0 0 0 0 0 1 0 0 0 6 12 7 0 16 0 11 10 0 14 0
0 0 0 11 1 0 17 0 0 0 0 0 0 13 0 0 3 4 0 7
9 0 0 0 0 0 3 15 0 0 0 10 0 17 18 16 0 0 5 8
6 0 12 0 19 3 1 0 15 11 0 4 10 0 0 8 0 0 0 0
0 18 0 0 0 4 0 0 17 0 0 0 0 0 0 0 12 0 0 2
14 0 0 0 0 0 0 19 2 0 8 0 0 1 16 0 15 0 18 0
3 0 8 1 2 0 0 0 0 5 0 17 12 6 0 0 16 0 19 13
19 0 0 0 4 0 15 0 0 0 0 0 13 0 0 17 0 0 0 0
0 10 0 0 0 19 14 0 20 4 0 0 2 0 0 13 0 0 11 0
17 0 0 3 0 11 0 2 16 12 0 0 18 0 0 4 0 7 0 0
0 0 0 0 0 0 0 17 0 0 16 6 0 15 20 0 19 10 0 14
0 0 14 0 0 0 16 0 0 0 0 0 7 0 0 0 4 0 0 0
0 0 19 0 12 0 7 0 18 0 0 0 1 0 4 0 0 17 16 0
11 0 2 0 0 0 0 0 0 0 0 0 0 19 0 0 0 12 0 6
0 13 0 0 0 0 0 0 0 0 5 0 17 0 0 0 0 0 0 0
13 0 18 0 10 17 12 0 0 0 0 0 0 0 0 0 0 0 0 0
0 0 0 2 0 0 20 0 0 19 17 0 0 0 0 0 11 0 10 12
16 3 0 0 0 0 0 18 11 0 0 12 0 0 0 2 0 0 13 0
0 6 0 0 0 2 0 5 0 0 0 0 0 0 10 0 0 15 0 3
