0 20 0 0 18 16 10 0 0 0 15 4 0 0 0 0 1 0 0 0
8 0 2 0 15 0 0 0 0 0 0 19 9 10 0 0 3 0 0 18
14 15 12 11 0 0 0 0 0 3 16 0 0 4 7 6 0 0 0 0
0 0 6 0 0 9 0 19 0 0 0 10 14 0 0 0 0 11 4 16
0 0 4 0 0 0 0 14 0 0 5 13 16 18 0 3 8 12 0 0
0 11 0 0 16 0 5 12 0 0 0 0 0 0 0 0 0 0 0 0
16 9 13 12 20 0 0 0 0 10 0 1 0 0 0 0 0 0 3 0
0 0 18 0 14 0 0 0 0 0 2 16 12 5 0 0 17 0 0 0
0 0 0 0 0 0 0 0 0 19 0 0 0 0 1 0 0 0 0 0
0 0 8 15 0 0 17 0 0 0 0 3 18 0 0 0 0 20 0 0
0 0 0 0 0 0 0 3 13 0 4 0 0 0 0 0 0 0 16 0
13 0 9 0 0 20 0 1 0 0 0 8 6 0 0 0 0 0 0 0
0 3 0 0 0 0 0 17 0 0 0 0 0 20 0 0 0 2 7 13
12 0 0 5 7 10 0 9 0 0 0 2 13 8 14 18 0 3 17 0
15 0 11 0 19 0 12 0 9 0 3 7 0 0 0 10 18 0 20 0
0 13 0 20 0 0 0 0 10 0 0 11 5 0 0 9 2 7 0 0
0 0 0 0 0 0 19 0 1 0 9 15 0 0 0 0 0 0 0 5
0 8 5 10 0 0 0 0 16 18 19 12 20 7 0 0 0 0 6 0
0 0 0 0 8 0 0 0 0 0 0 20 0 0 0 0 0 0 0 0
0 12 0 19 0 0 0 0 0 0 8 0 1 16 0 0 0 0 0 0
