2 6 15 0 5 0 14 0 0 11 0 9 0 0 0 0 7 0 17 0
0 0 0 19 4 0 0 0 20 10 6 0 0 3 0 0 12 0 0 0
3 5 0 0 0 0 7 17 0 0 0 0 0 0 13 14 0 0 0 0
10 0 0 0 18 0 19 20 0 0 0 17 0 0 8 7 2 0 0 0
0 9 14 0 10 11 12 0 0 0 13 0 16 18 15 0 0 0 0 0
4 13 0 0 14 0 1 16 0 0 17 0 0 0 0 0 0 0 0 0
0 15 0 0 0 17 0 9 12 0 0 16 0 0 0 18 0 0 0 0
0 2 0 11 0 0 0 0 15 0 0 18 14 0 1 0 13 0 12 16
19 16 3 0 0 0 0 0 0 4 0 20 0 17 5 0 11 0 0 0
0 18 0 6 12 15 0 19 13 0 14 0 3 0 0 0 8 0 0 4
0 0 0 0 0 0 15 12 1 0 0 4 20 0 17 2 0 0 0 0
0 19 13 0 0 0 0 5 0 0 0 8 0 16 0 0 6 0 0 0
0 20 0 0 0 0 4 7 0 0 0 0 13 0 0 0 0 0 0 0
0 0 16 0 0 0 0 0 6 0 0 0 0 15 0 0 14 0 0 5
0 8 0 0 13 0 0 0 0 0 0 0 4 14 0 0 15 0 0 0
1 4 0 0 0 2 8 0 19 0 0 0 0 0 0 15 18 0 7 14
13 0 0 0 1 0 0 0 0 0 0 0 0 0 0 0 0 0 0 0
8 0 0 0 0 9 17 15 5 0 0 12 18 11 0 0 0 0 2 0
15 0 0 0 7 0 0 11 0 0 0 6 17 0 16 0 0 0 13 0
0 0 0 17 0 0 0 14 0 0 0 0 8 0 0 13 0 0 0 0
