0 0 0 0 20 0 0 3 7 8 0 0 0 0 0 0 0 5 0 9
0 0 0 0 8 0 0 0 0 12 0 0 18 0 9 16 0 0 20 0
0 6 9 5 0 13 0 15 0 10 0 0 0 0 0 0 0 12 0 0
0 0 0 0 15 0 0 19 9 20 0 0 0 8 16 0 0 0 7 0
9 0 0 0 0 0 20 0 0 5 0 0 0 0 4 0 0 0 0 0
0 18 0 0 0 9 0 0 0 1 0 0 0 2 0 10 0 11 15 0
0 0 0 0 7 2 0 10 18 0 9 0 12 11 15 0 5 0 0 0
1 0 0 0 13 7 0 0 0 15 5 0 0 0 0 12 9 0 0 14
19 11 0 12 0 0 10 18 0 0 0 0 4 9 3 0 0 0 0 0
0 0 0 0 0 19 0 7 0 0 18 0 16 0 0 5 0 0 0 0
20 2 10 16 14 0 12 0 0 6 0 0 0 0 19 0 0 0 0 0
0 0 6 0 18 0 0 5 15 14 2 0 0 0 0 0 16 0 0 0
12 0 0 10 0 18 3 0 0 0 11 14 0 20 5 13 0 0 1 0
14 0 0 0 0 0 0 0 5 0 0 7 9 0 0 17 0 20 2 0
0 0 0 0 0 0 0 20 0 0 0 0 0 0 13 9 0 0 11 0
0 0 0 0 0 10 0 0 0 7 0 0 0 12 0 0 0 18 0 0
18 0 0 13 0 0 0 0 0 2 19 0 14 0 1 0 0 0 9 12
7 0 0 1 0 0 0 0 13 4 0 18 5 0 0 0 15 0 0 0
0 10 0 20 0 0 15 0 0 3 0 0 0 0 0 0 0 0 19 18
0 0 11 17 0 20 19 0 0 18 0 0 0 15 0 14 0 0 5 0
