0 0 11 0 0 0 6 0 0 0 0 14 0 0 0 0 0 0 0 0
3 0 0 19 0 10 0 0 0 0 1 11 2 13 0 16 0 14 0 6
0 6 10 0 0 0 13 14 0 3 0 0 18 0 0 0 0 0 0 2
8 0 0 14 0 0 2 0 16 0 6 0 0 4 0 0 0 20 0 0
0 0 0 0 3 4 18 0 0 0 9 0 16 12 0 0 7 0 0 0
0 0 0 0 0 9 0 0 0 0 0 20 0 15 1 0 0 0 3 18
0 0 0 0 16 0 17 1 0 0 0 0 0 0 19 0 0 0 4 0
0 0 18 0 9 3 0 20 13 0 0 0 0 11 0 0 0 5 14 0
5 0 0 0 0 0 0 0 0 0 0 0 0 0 15 10 0 13 0 7
0 8 0 12 0 16 0 0 0 0 20 0 0 0 3 0 0 19 0 0
16 0 0 15 0 20 0 0 0 0 0 0 8 0 14 5 0 2 6 0
18 0 0 0 0 0 0 0 1 2 0 0 4 5 0 0 11 0 8 0
0 0 1 0 0 0 0 0 2 0 15 0 20 10 12 0 0 0 0 0
0 0 2 0 0 0 0 0 9 0 0 0 19 0 0 14 20 0 0 0
17 5 4 0 18 7 20 0 10 19 0 0 6 14 8 13 2 1 12 15
0 0 0 0 19 0 0 0 0 0 0 13 0 0 0 0 6 0 11 0
0 2 7 0 14 0 0 19 0 1 0 0 0 0 0 0 0 6 5 3
0 0 0 0 8 0 0 0 11 17 0 0 0 20 0 0 14 7 0 0
11 0 0 0 0 0 0 0 0 0 0 3 0 0 0 20 9 17 0 8
0 0 17 0 0 0 5 16 3 7 0 0 0 0 0 0 19 0 0 0
