0 0 9 1 0 20 0 15 0 5 11 6 12 0 0 0 0 2 0 0
0 4 15 0 13 0 9 3 0 0 0 0 18 14 17 0 0 0 0 0
0 0 0 0 2 16 0 17 0 0 14 15 0 13 0 0 10 0 0 0
20 2 6 12 0 0 0 0 0 13 0 0 0 0 0 0 4 14 15 3
5 0 0 0 0 0 0 0 19 0 0 0 0 10 0 0 0 0 11 0
0 0 3 0 0 0 0 20 0 8 10 0 5 0 0 0 0 7 0 4
0 10 0 0 0 11 0 0 0 0 0 0 0 0 0 0 0 0 0 0
0 0 0 0 0 0 0 14 0 16 0 0 10 0 13 19 11 0 0 0
8 0 0 0 6 0 0 0 0 7 0 0 1 0 0 0 0 0 0 0
0 0 17 0 1 0 0 0 0 0 0 20 7 4 0 0 3 0 10 13
0 0 0 0 0 0 8 0 5 4 3 1 0 0 0 0 0 10 0 0
3 12 0 15 0 0 0 11 17 6 0 0 19 20 0 0 0 0 0 0
0 17 0 4 0 0 0 0 18 0 0 11 14 0 0 9 19 15 0 0
0 0 10 0 0 0 1 0 15 0 16 0 0 0 8 6 0 3 5 0
0 18 0 0 0 3 6 0 0 0 0 8 11 0 0 17 0 0 0 12
14 16 4 0 0 0 15 0 11 10 5 7 20 0 12 1 0 0 0 0
0 0 20 0 19 0 0 0 0 0 1 3 16 0 0 0 15 8 0 2
0 0 0 0 0 0 0 0 6 0 0 0 0 5 0 0 0 0 4 0
0 0 0 13 9 0 20 2 0 0 0 0 3 6 0 10 0 11 1 0
10 0 1 0 11 0 0 0 0 20 0 0 0 0 0 0 0 0 0 0
