0 0 0 0 6 0 0 0 0 16 0 19 0 10 11 0 1 0 2 3
0 3 0 0 0 17 0 19 20 10 0 0 9 0 0 7 0 0 0 0
0 0 0 0 0 5 14 0 0 15 1 0 0 0 0 16 0 19 12 0
0 0 0 0 0 0 0 0 0 0 0 0 0 0 12 0 14 0 15 0
1 6 0 13 0 0 0 17 15 0 2 0 0 0 0 11 0 12 0 14
0 0 0 0 15 0 0 18 0 1 0 0 0 6 0 0 2 0 0 0
10 0 0 17 0 0 16 4 9 12 3 13 0 0 0 0 0 0 0 0
0 0 0 0 16 2 0 0 0 13 0 0 0 0 0 1 7 0 3 20
15 5 0 0 11 0 4 0 0 7 0 9 1 0 0 0 0 0 0 0
0 0 0 0 0 15 0 10 0 0 0 0 0 0 0 0 0 17 0 0
0 16 0 0 14 0 0 0 5 0 0 0 12 0 2 0 0 0 13 0
20 17 0 0 0 19 0 0 12 0 0 0 13 0 0 14 15 0 0 4
0 1 0 11 0 16 0 0 0 0 0 10 0 0 0 0 0 0 0 15
0 0 6 3 19 18 20 14 7 0 11 0 15 4 0 0 8 0 0 0
0 0 9 0 0 0 0 0 0 0 0 0 0 12 0 0 0 0 7 10
13 0 0 20 0 0 0 0 0 6 9 7 0 2 0 0 5 14 16 0
0 0 5 0 0 11 13 15 0 0 0 0 7 0 17 0 0 0 0 18
0 0 0 0 0 14 0 0 1 0 12 18 5 20 0 0 17 0 8 11
0 0 15 0 0 0 0 0 18 8 10 0 0 16 13 4 3 1 0 0
0 20 0 0 0 0 0 7 19 0 0 0 0 0 0 0 0 0 10 0
