0 0 0 0 0 19 0 0 0 0 2 0 14 0 13 15 0 0 0 6
0 6 0 20 3 4 9 0 0 10 8 0 0 0 0 0 0 0 0 0
0 0 0 0 1 0 0 6 3 11 4 0 0 0 0 0 0 12 19 0
7 9 0 19 0 0 0 15 16 0 18 0 0 0 0 6 0 8 0 0
0 0 0 8 0 0 0 0 5 0 6 0 4 0 11 0 0 0 15 18
8 13 7 2 16 5 17 19 0 3 0 18 11 0 0 0 12 0 0 0
0 17 0 0 0 0 18 0 0 0 13 0 0 0 16 0 0 19 0 0
0 0 9 0 4 7 0 0 0 0 14 19 17 0 0 0 16 20 0 0
0 1 0 0 0 0 3 0 0 20 12 5 6 0 2 0 0 0 8 0
0 0 6 0 0 0 12 0 7 0 16 17 10 0 0 0 0 0 0 0
4 0 11 0 19 20 16 0 0 0 0 2 0 13 0 0 0 0 0 0
0 2 0 0 17 0 0 7 20 0 0 0 16 0 0 0 1 0 0 19
16 0 0 7 0 0 14 0 17 0 1 8 0 0 6 20 0 10 0 0
0 0 8 0 0 0 0 0 18 12 0 16 0 19 0 0 0 0 0 20
18 0 0 0 0 0 15 1 0 0 0 0 9 0 0 0 0 0 0 3
0 0 0 16 5 9 0 14 0 0 0 0 18 0 0 0 0 0 0 17
0 0 0 11 0 0 0 0 12 0 0 1 0 2 0 0 0 0 0 8
9 8 18 0 0 15 0 0 0 0 5 0 0 0 0 17 0 0 0 16
0 0 0 0 12 0 0 0 0 18 20 0 0 0 0 0 0 0 0 0
0 12 0 0 0 0 0 0 13 16 0 0 19 0 9 10 0 2 0 0
