0 13 18 12 3 0 15 0 0 0 0 8 9 14 11 1 0 2 0 0
5 4 0 16 10 0 0 17 0 0 0 0 3 0 7 20 0 0 19 0
0 0 0 0 0 5 8 0 0 0 16 0 0 13 0 0 0 15 12 0
0 0 0 0 0 0 4 0 0 1 0 0 0 5 0 0 7 0 0 0
7 11 0 0 18 0 0 3 0 0 0 0 8 0 0 0 0 0 0 19
12 0 0 0 17 0 0 0 2 15 0 6 18 0 20 7 8 0 0 0
9 0 14 0 0 6 0 0 0 0 0 0 0 12 0 0 18 0 0 3
0 3 0 6 8 0 0 19 0 0 10 0 0 17 9 0 0 0 13 14
0 7 0 0 0 14 0 0 0 0 9 0 0 0 1 0 0 17 0 4
8 0 9 0 1 17 0 20 0 0 12 0 0 0 0 0 0 0 0 0
0 0 0 0 0 8 0 0 0 0 0 16 0 20 0 0 0 0 0 1
0 14 0 0 16 0 9 10 7 4 0 0 0 0 0 0 0 0 0 0
0 0 17 0 0 0 20 0 0 0 0 0 0 0 3 0 0 0 8 0
0 5 0 20 0 0 3 0 0 2 1 19 0 0 0 0 15 0 18 0
0 18 0 0 0 16 0 0 17 0 0 0 0 11 0 19 3 0 0 0
13 0 10 0 0 0 0 0 0 0 0 0 0 16 0 0 20 11 0 2
0 2 0 0 12 0 0 11 0 0 0 3 5 0 0 8 9 6 0 16
0 0 0 5 0 20 0 9 0 0 0 11 0 0 0 0 0 3 7 0
18 1 3 0 0 0 0 0 0 0 0 9 20 0 0 12 0 0 11 15
0 8 11 0 0 0 0 0 0 0 19 13 0 0 0 5 2 10 0 0
