0 16 17 18 0 0 8 0 10 0 0 4 0 0 0 0 12 0 0 0
0 9 0 5 20 0 7 0 0 0 0 1 2 0 0 8 0 0 0 0
11 0 0 0 0 17 0 19 0 20 0 10 0 0 3 1 0 0 5 7
0 0 1 7 8 0 0 0 0 0 0 14 19 0 0 9 0 15 0 0
5 0 0 0 0 0 0 0 14 0 17 0 0 0 0 20 13 0 0 0
14 0 0 0 2 0 15 0 0 0 0 0 13 0 19 0 0 10 0 0
16 0 7 12 0 0 0 13 8 0 2 0 20 0 11 14 1 17 18 15
1 0 0 0 11 0 0 0 19 0 0 0 0 0 14 0 0 0 9 0
0 5 0 1 4 0 0 0 6 9 0 0 0 0 0 13 0 7 8 0
0 0 14 0 7 8 13 0 4 0 0 0 6 0 0 12 0 0 0 0
18 0 0 0 0 10 0 0 0 0 0 0 0 0 0 0 0 0 15 0
20 0 0 0 6 0 0 0 0 0 0 15 12 8 5 0 0 0 4 0
9 0 8 0 15 0 11 0 20 0 10 13 0 0 12 0 3 0 7 0
0 0 0 0 0 14 0 0 0 0 19 20 0 0 8 15 0 0 0 0
13 14 20 0 16 0 0 12 3 0 0 0 0 0 0 0 0 9 0 8
0 0 0 0 0 0 9 0 0 0 0 0 3 0 0 0 11 0 0 14
3 0 9 0 18 0 0 0 0 0 0 0 0 5 0 0 7 0 1 0
0 0 0 0 0 9 0 0 0 18 0 12 16 0 4 17 0 8 0 5
7 0 2 0 0 0 5 0 16 0 20 0 0 0 15 0 0 0 3 0
0 0 0 20 0 0 0 0 7 0 0 0 0 0 0 0 15 14 0 0
