0 14 0 0 0 0 17 11 0 0 0 3 0 0 0 15 20 0 0 9
0 15 0 0 0 0 6 0 0 12 0 2 20 5 0 0 0 0 0 0
10 0 19 5 0 0 15 0 0 2 9 0 1 0 0 0 0 0 14 0
1 17 0 0 0 0 0 0 0 0 14 0 8 0 0 0 0 5 0 0
18 0 2 0 0 0 0 16 1 0 3 0 17 8 0 0 0 11 10 0
0 0 0 0 0 0 2 0 0 6 1 0 0 0 0 0 12 0 0 4
0 0 0 0 0 0 0 5 0 8 18 0 0 0 0 6 0 0 0 0
0 0 0 13 0 15 0 0 0 0 19 11 0 2 16 3 0 1 0 20
0 0 0 0 0 0 0 0 18 0 0 20 4 16 0 11 17 12 0 10
3 0 7 0 10 0 0 0 15 0 13 0 0 0 0 19 1 0 0 0
8 11 0 0 0 0 0 0 0 0 15 0 5 14 0 0 16 20 0 0
0 0 0 20 1 6 0 0 0 0 0 7 0 11 0 14 4 13 0 18
0 0 0 0 8 0 0 15 0 0 12 16 0 0 0 0 0 0 0 0
0 0 11 0 5 0 0 0 2 0 0 18 0 0 0 0 15 7 0 1
0 0 0 15 16 0 11 7 0 0 0 0 0 17 1 0 0 0 0 8
0 0 0 19 20 0 0 0 8 0 0 0 7 6 0 0 0 0 0 14
0 0 0 0 0 8 0 0 0 15 0 17 18 0 0 9 3 0 0 0
0 0 16 0 0 0 0 0 6 0 7 8 0 0 0 0 0 0 0 0
15 8 17 0 0 0 18 19 0 20 5 0 0 0 0 1 0 0 11 0
0 20 4 9 0 0 12 0 13 0 6 0 0 0 2 0 8 0 0 19
