0 0 12 0 3 0 0 0 0 16 5 0 0 0 0 0 0 0 0 0
0 0 0 0 0 16 7 17 0 15 0 20 11 0 0 19 0 0 6 8
0 7 0 18 0 0 0 10 11 0 0 0 0 0 0 0 4 0 0 17
0 0 0 17 0 0 12 0 0 0 10 14 6 0 0 0 0 3 0 0
0 0 15 16 0 0 0 20 0 0 0 0 0 4 0 0 0 0 12 0
14 13 0 0 0 0 0 2 16 9 0 15 0 19 0 7 0 1 0 0
0 0 5 3 0 0 0 7 6 0 0 0 12 0 0 13 9 0 0 2
0 16 0 0 0 0 0 0 0 0 0 3 0 0 0 0 12 4 18 5
0 2 0 9 0 0 0 0 0 12 7 5 4 0 0 0 0 0 20 0
0 17 0 0 5 0 0 0 0 0 4 13 0 0 0 0 0 0 0 0
8 1 0 0 0 3 5 19 9 14 0 0 0 0 18 0 0 0 0 0
0 6 0 0 0 0 0 4 0 0 0 0 0 0 0 14 0 0 0 11
0 0 14 0 6 7 0 18 15 8 0 0 0 0 0 0 0 0 0 20
0 0 0 0 11 0 0 0 12 20 0 0 13 0 19 17 3 7 5 0
0 0 3 19 9 2 1 0 5 0 0 0 7 0 11 0 18 0 0 12
0 0 1 5 0 0 0 12 0 6 0 0 0 0 13 20 0 0 0 0
0 0 0 0 0 18 0 16 7 1 15 0 0 0 0 4 0 5 0 0
7 0 18 0 0 0 0 0 0 10 3 4 0 0 0 0 0 12 0 0
13 9 0 0 0 0 8 0 0 0 16 0 0 0 12 3 0 6 4 0
15 12 0 0 0 0 0 0 13 0 2 8 0 0 0 10 0 0 0 14
