0 8 0 0 0 0 0 9 0 0 14 10 0 15 3 0 0 1 2 7
0 2 0 0 0 19 12 0 0 11 0 0 0 10 0 20 15 0 8 0
0 0 0 0 0 17 0 1 0 0 0 0 14 0 0 0 0 3 0 10
0 0 1 15 0 0 0 0 0 0 0 2 0 0 7 0 0 11 12 18
0 3 5 11 0 0 2 16 0 7 0 0 12 0 0 1 0 0 0 0
0 10 13 0 0 0 9 0 7 0 0 0 0 8 0 0 0 0 15 3
2 0 0 9 0 16 7 17 0 1 0 0 18 0 0 0 14 0 0 0
0 0 0 0 0 0 0 20 5 4 0 0 0 0 0 0 18 0 0 0
0 0 18 19 0 0 0 0 14 0 11 0 0 3 5 4 0 9 7 0
0 0 0 0 0 0 15 18 2 0 0 9 11 0 0 0 0 10 16 0
0 11 0 0 0 13 0 0 9 3 0 0 0 0 17 0 0 0 0 12
0 0 0 14 18 0 4 0 0 0 0 5 20 0 0 0 0 0 0 0
20 0 0 18 0 9 0 5 6 0 0 17 0 11 10 0 4 0 0 8
0 0 0 0 0 0 16 19 0 0 0 0 15 0 6 0 7 0 0 0
0 5 12 0 17 0 14 10 0 0 16 0 3 0 0 0 0 18 0 0
12 19 0 0 0 10 5 0 0 0 0 6 8 0 0 16 0 0 13 0
0 18 0 0 0 0 0 0 0 0 13 7 5 0 9 0 3 0 0 0
7 1 0 0 16 0 0 0 11 0 0 0 0 0 13 6 0 0 0 0
0 0 0 0 0 0 0 0 17 2 0 0 0 0 0 0 0 0 18 0
0 0 0 0 7 0 0 4 0 12 5 0 0 0 19 0 0 0 20 11
