0 7 0 0 0 0 15 0 6 0 17 0 0 4 0 0 0 13 0 20
0 0 0 0 0 0 0 0 0 8 0 0 10 0 0 12 4 0 0 0
0 6 0 19 1 2 0 0 11 13 0 0 0 0 9 20 0 0 7 15
0 9 0 0 0 0 0 0 0 12 0 1 2 0 0 13 17 0 8 0
0 4 5 0 0 7 0 6 0 10 0 0 0 0 0 0 0 11 2 12
0 5 0 2 0 0 4 0 0 0 0 0 8 0 0 0 0 0 20 7
4 0 0 0 10 0 0 0 0 0 7 0 9 0 0 0 11 0 0 0
0 0 0 0 0 9 1 20 0 0 0 3 11 7 0 0 0 0 15 0
12 0 0 0 0 0 17 0 0 0 0 0 0 10 20 2 1 0 0 9
0 0 20 0 14 0 0 2 0 0 0 0 15 19 4 0 0 10 0 0
0 0 7 0 0 0 12 0 10 3 0 0 0 18 0 0 20 0 6 0
0 0 0 5 0 0 0 7 12 0 0 0 0 13 0 0 0 0 0 0
0 0 9 0 0 0 0 0 1 14 6 0 0 3 16 10 0 12 5 4
0 18 0 0 16 0 14 0 0 19 13 0 5 0 0 0 3 0 0 2
0 0 0 0 0 17 0 0 20 0 0 4 0 9 0 0 8 1 0 16
0 0 0 0 0 10 0 13 0 0 8 0 0 20 0 0 0 6 18 11
0 19 0 6 0 0 9 0 0 11 0 0 18 0 10 0 0 0 16 1
0 1 0 0 0 0 0 0 0 6 0 0 0 2 0 8 0 0 9 0
0 13 14 0 0 0 0 0 0 0 0 12 0 0 0 0 0 0 10 8
18 0 0 0 0 16 0 8 4 17 0 0 12 0 0 0 0 0 0 14
