17 0 0 0 1 0 0 0 0 0 0 3 8 0 0 14 0 0 0 6
0 0 1 6 0 16 0 8 11 0 0 0 4 0 0 0 0 0 0 0
0 0 13 0 0 6 19 0 0 15 0 0 0 3 0 17 10 11 12 0
0 16 0 7 0 10 0 0 0 17 19 0 2 0 0 0 1 0 0 13
2 0 19 0 0 0 13 14 0 6 0 8 0 0 0 5 0 0 0 0
13 0 0 0 0 0 0 0 0 8 0 7 12 0 1 0 0 16 2 0
0 1 0 0 2 7 0 0 16 0 17 0 20 0 0 3 0 0 0 0
5 0 12 15 0 0 0 0 0 0 0 1 19 8 0 10 0 7 17 0
6 0 7 0 0 0 11 0 12 0 3 0 0 0 0 0 0 0 0 0
0 0 0 19 13 20 12 0 0 0 15 6 0 11 0 7 4 0 8 0
3 0 0 12 0 0 0 0 17 0 0 0 0 16 0 0 6 9 19 0
0 0 0 0 0 0 0 10 0 16 0 0 0 0 8 0 0 0 20 0
10 0 2 14 0 0 0 0 0 7 0 0 17 0 0 0 15 0 11 0
18 15 8 1 0 9 0 0 0 0 5 0 10 0 4 0 7 0 0 0
11 7 0 0 0 0 0 19 6 0 0 14 0 0 0 0 0 0 0 0
20 9 0 0 0 0 0 0 0 0 0 13 0 0 0 19 0 0 0 12
0 0 0 0 0 0 0 0 19 0 0 0 11 18 14 4 0 0 0 10
0 0 0 2 14 0 18 0 20 0 0 0 13 0 10 0 0 0 0 0
0 0 0 4 17 0 0 2 0 0 0 0 7 0 12 0 0 5 0 0
7 0 0 0 0 15 0 0 8 0 0 0 6 0 0 16 14 2 0 0
