3 0 8 0 0 0 0 0 16 0 0 0 0 10 0 0 0 18 0 0
5 0 0 18 12 0 0 0 0 0 0 0 14 0 15 0 2 0 0 0
0 0 0 0 6 18 0 0 0 20 8 0 3 0 12 9 0 0 0 11
4 0 10 0 11 0 0 1 0 15 0 0 16 0 18 0 13 0 0 0
0 0 0 0 0 0 0 8 13 0 0 2 0 0 6 20 18 0 0 0
0 0 0 1 8 0 12 0 20 0 0 17 0 15 0 0 4 0 0 0
16 0 0 11 0 0 0 0 0 0 0 5 0 0 0 0 3 0 0 0
0 0 0 2 15 0 6 5 10 0 0 4 8 13 0 0 0 0 0 0
2 0 18 0 9 0 0 0 7 14 0 0 0 5 3 0 0 0 16 10
0 0 4 0 0 13 0 0 0 0 0 0 0 19 2 7 0 0 6 0
19 0 0 20 0 0 0 0 0 0 0 0 0 6 1 0 17 4 0 0
7 17 0 0 0 3 0 15 0 10 0 0 4 0 0 19 14 0 0 0
0 19 0 0 0 7 18 0 0 0 15 0 0 0 0 5 6 0 0 0
10 0 9 0 2 0 0 0 0 0 0 3 6 0 17 0 0 11 0 0
0 0 0 0 7 20 0 0 0 13 14 0 0 0 0 17 0 12 3 0
0 0 6 0 13 0 0 0 0 0 4 0 5 0 0 18 9 15 0 20
0 0 0 0 18 0 0 0 0 8 19 0 2 12 9 0 15 6 0 7
15 0 0 0 0 0 0 10 0 3 0 0 0 0 0 0 0 0 0 0
0 0 5 0 0 15 2 0 0 0 20 0 0 0 4 11 0 0 0 0
0 8 2 9 0 19 7 18 0 12 0 0 11 0 5 0 0 0 0 0
