10 12 0 0 0 0 6 0 7 11 0 18 0 0 0 0 0 2 0 0
2 0 0 8 0 0 0 17 0 19 0 4 0 7 0 16 0 0 11 0
0 0 0 4 0 0 0 16 0 0 0 2 0 0 8 17 5 0 7 18
0 7 0 0 0 0 0 1 0 8 0 0 0 0 10 0 12 0 14 20
0 0 0 0 0 0 13 6 0 2 0 19 0 20 15 0 0 9 0 0
0 6 0 0 7 15 0 0 0 0 0 0 0 0 0 13 0 0 0 0
17 0 0 20 0 0 7 18 0 0 0 0 0 0 0 0 0 0 0 2
8 5 0 13 0 17 0 0 0 0 11 10 0 0 7 0 18 0 0 19
13 17 0 3 0 0 0 0 2 9 0 7 20 0 0 0 0 0 0 0
0 4 20 0 2 0 0 13 8 0 5 0 0 19 17 7 16 0 0 6
6 10 0 7 0 0 11 5 0 0 0 0 0 0 0 0 0 0 0 0
0 16 0 14 0 7 0 19 0 0 0 0 0 0 0 2 0 0 12 0
0 13 0 0 0 1 0 0 0 0 20 0 0 9 0 0 0 0 0 14
0 19 0 0 15 0 0 0 9 0 0 13 0 0 0 0 0 12 2 0
0 0 0 0 3 0 8 0 0 10 0 6 12 2 11 0 4 0 5 0
0 0 0 0 5 0 0 0 0 16 0 3 7 10 0 0 0 1 0 0
0 20 11 0 0 0 18 0 0 0 0 0 0 0 3 0 0 0 6 0
0 0 16 0 0 10 19 0 0 15 0 0 0 0 0 1 8 0 0 0
4 18 0 0 17 11 12 2 0 0 0 0 0 0 0 0 0 20 0 0
19 0 0 6 0 0 0 0 16 17 2 1 0 0 0 0 15 0 0 5
