0 0 0 14 19 0 0 0 0 5 15 17 18 0 8 16 3 12 0 0
15 0 4 17 18 0 0 0 8 0 10 0 11 13 14 0 0 0 7 0
0 13 0 0 0 0 11 0 0 4 5 6 0 16 0 0 8 18 0 0
0 0 0 12 6 0 14 0 16 0 0 0 0 4 9 0 0 20 0 11
0 0 0 2 0 0 10 0 0 0 0 0 0 5 0 0 0 0 0 0
0 5 17 0 0 9 0 0 0 0 6 13 0 8 0 0 0 0 0 19
0 8 19 0 13 0 0 0 2 0 0 0 0 0 0 0 0 0 0 0
0 9 0 0 0 0 0 0 0 19 4 0 0 0 0 0 2 0 0 0
14 4 0 15 10 0 0 2 0 0 0 0 0 0 0 0 0 19 20 0
3 0 0 0 0 0 12 0 0 10 0 0 0 0 0 0 9 15 0 17
0 0 13 8 0 16 0 0 15 0 0 0 0 0 0 18 14 0 0 6
0 17 0 9 0 18 0 0 0 0 0 0 0 0 10 0 0 4 0 0
7 0 0 1 0 0 0 8 0 0 0 3 0 0 0 0 20 0 0 0
11 0 0 13 0 2 3 7 0 0 0 0 0 0 15 0 0 0 6 8
17 0 0 0 0 0 0 19 0 0 20 0 0 0 0 0 0 11 0 10
0 0 0 16 0 15 0 20 13 17 8 0 0 0 0 0 0 1 4 14
0 0 0 0 0 0 0 10 0 1 0 0 0 0 0 11 16 0 0 0
0 15 0 0 7 0 0 11 3 2 12 16 0 14 20 0 19 0 1 18
0 0 0 0 0 0 15 0 14 0 0 0 0 0 0 0 0 13 17 0
0 0 14 0 17 0 7 0 19 0 13 0 10 0 0 9 0 2 3 15
