7 12 0 19 0 2 4 0 15 0 0 16 14 6 0 20 8 0 10 0
14 0 0 0 0 0 0 9 0 1 5 0 13 0 0 0 0 0 7 12
0 0 0 0 0 0 0 0 9 7 0 18 0 0 0 0 15 16 0 0
0 6 11 13 0 0 0 0 19 8 0 12 15 0 0 0 4 1 5 0
0 4 5 0 7 0 0 0 0 0 0 0 9 0 0 0 0 11 0 0
0 2 15 0 0 0 0 0 0 0 0 0 0 0 0 4 0 0 0 9
16 0 17 8 0 6 9 0 0 0 0 0 1 0 0 0 0 0 15 0
0 0 0 0 0 0 11 19 0 15 0 0 0 9 0 13 0 7 0 0
5 0 0 0 0 0 0 0 0 0 0 0 0 0 0 0 20 2 19 0
0 10 0 12 16 0 2 0 0 9 0 0 0 0 0 15 17 0 1 6
0 0 8 5 0 1 0 0 0 0 0 0 0 0 0 0 0 0 12 0
0 0 12 0 13 0 16 8 1 5 0 0 17 0 0 14 0 0 0 0
0 0 0 0 0 9 7 12 13 0 0 2 0 0 0 5 16 6 0 0
0 11 0 0 0 3 18 0 0 10 0 7 0 0 0 8 0 0 13 0
6 0 0 0 0 0 0 15 0 0 0 0 0 0 13 0 0 0 0 0
17 0 9 0 8 0 13 0 20 16 12 19 0 0 0 0 0 0 6 2
0 0 0 0 0 16 5 0 0 0 0 10 20 18 0 0 0 0 0 0
0 0 20 0 11 0 0 0 0 13 0 0 3 0 0 9 0 0 0 5
10 5 0 0 0 0 0 0 0 6 0 0 8 11 19 2 0 0 0 16
0 0 3 18 0 20 0 2 0 0 0 0 0 13 7 0 1 0 9 0
