4 0 7 8 11 0 14 0 0 0 6 0 0 16 0 0 12 15 13 0
0 0 0 0 0 0 1 0 8 0 10 7 18 19 4 6 0 0 0 0
5 9 0 0 8 0 0 0 0 0 16 0 0 20 0 0 14 0 0 0
0 15 16 0 7 9 4 18 0 2 11 0 5 0 13 0 19 20 0 0
0 2 0 20 16 0 0 0 0 0 0 5 0 0 14 11 0 4 0 0
0 4 9 0 19 0 0 0 6 0 0 20 2 0 0 0 0 0 5 0
0 0 0 0 0 0 20 0 10 0 19 0 0 0 15 0 0 0 0 11
3 7 0 0 2 0 0 1 16 0 0 0 4 0 0 20 17 0 0 0
19 17 0 0 0 0 0 0 0 11 12 0 0 1 6 0 0 0 0 0
11 12 0 0 13 0 5 17 0 0 0 0 0 9 0 0 2 19 1 18
0 5 4 0 0 0 0 0 0 0 0 6 0 0 0 1 8 0 0 0
0 0 13 0 0 0 0 0 14 0 1 0 12 2 0 15 5 17 0 0
0 0 14 0 0 0 17 0 20 0 0 0 19 0 0 0 0 0 0 6
0 0 0 18 20 0 16 0 0 0 4 0 10 0 0 0 9 7 0 2
0 0 0 0 15 0 6 0 0 0 0 0 0 0 18 0 11 0 0 0
0 8 0 0 0 0 18 20 0 0 0 0 0 3 0 0 0 0 0 12
15 0 5 0 0 0 0 0 0 19 0 12 6 0 0 0 13 0 0 16
0 0 6 0 0 0 0 19 11 0 0 0 0 0 0 0 0 0 0 0
0 3 0 0 0 0 0 2 4 0 0 0 0 13 9 0 18 6 0 0
0 0 0 0 0 0 15 16 0 3 7 13 0 0 0 0 0 0 0 0
