0 7 0 16 0 0 0 18 0 0 17 0 5 1 2 0 15 0 8 0
0 0 0 0 0 0 0 0 0 0 0 0 14 0 4 0 0 17 0 0
0 15 0 0 0 0 0 0 2 0 0 3 17 0 0 0 0 13 0 0
12 8 0 0 0 0 17 0 5 0 15 0 0 9 0 0 0 0 0 0
0 13 0 0 0 0 0 1 0 0 10 6 0 0 12 16 7 0 0 19
0 0 0 0 0 0 0 0 0 5 0 0 0 0 0 1 0 0 0 0
0 0 0 0 5 0 0 15 0 17 18 0 0 4 0 9 0 0 0 0
0 0 19 20 0 2 0 0 0 7 0 16 0 6 15 0 0 0 17 18
0 4 0 0 17 0 0 0 0 14 2 15 12 0 0 13 0 0 16 0
0 0 7 0 0 0 0 0 0 12 13 1 0 0 20 17 0 0 0 15
20 0 0 0 0 12 0 0 8 9 0 0 0 0 0 2 0 5 0 14
0 6 0 0 19 0 15 0 0 3 0 20 0 0 0 0 0 0 0 0
0 5 12 8 20 3 0 0 10 0 4 0 0 14 18 0 0 0 11 16
0 1 16 0 18 5 2 0 12 0 6 0 8 0 11 0 0 0 0 0
0 0 4 15 0 0 0 17 14 16 0 0 0 0 0 0 0 2 10 0
0 0 0 0 0 0 0 0 0 0 0 0 0 0 1 0 0 19 0 0
14 0 0 0 0 16 0 2 15 6 12 4 0 0 0 8 1 0 0 0
0 12 18 2 6 17 0 0 0 13 0 0 0 19 0 0 3 0 4 9
4 0 0 0 8 0 0 0 0 10 0 0 9 0 0 12 0 16 0 2
0 20 0 6 12 0 0 0 0 0 0 0 0 13 0 0 8 0 0 11
