0 0 0 0 6 17 0 0 0 0 1 0 0 0 12 0 3 4 9 0
0 18 19 0 0 0 0 0 0 0 0 0 0 10 8 0 0 0 0 0
0 0 0 15 8 14 16 0 11 13 0 4 0 0 0 0 0 0 0 0
0 8 0 17 0 0 0 5 18 10 0 0 3 0 4 0 0 0 15 0
0 0 0 3 0 0 0 0 0 0 5 0 17 14 0 0 0 0 12 0
0 0 0 2 0 0 0 0 0 0 15 10 19 0 0 0 12 3 4 0
0 15 18 0 0 0 0 17 13 3 0 0 0 0 11 0 2 7 0 0
12 0 0 0 10 0 3 0 4 1 14 18 0 0 0 0 17 0 13 0
0 0 0 9 0 0 15 11 17 19 2 0 0 0 0 0 14 0 20 0
0 0 0 0 0 0 4 0 8 0 0 0 0 0 14 17 11 9 0 0
0 13 0 12 15 0 0 0 0 17 18 0 16 0 0 7 0 0 0 20
0 0 0 0 0 0 0 7 0 0 0 19 18 13 6 14 0 0 0 0
0 0 0 6 18 0 9 0 12 2 0 0 0 0 0 0 0 0 0 0
0 3 17 0 0 0 10 16 5 0 8 7 0 0 9 0 1 0 14 0
0 10 0 7 0 0 0 0 1 6 0 0 0 11 0 0 16 19 0 0
0 0 0 0 0 8 0 0 0 0 6 0 0 0 20 0 9 10 1 0
0 0 0 0 0 0 0 0 0 0 0 15 0 0 0 18 20 0 0 0
9 14 0 0 13 15 0 0 0 0 0 0 0 0 7 0 0 6 0 11
0 6 16 0 14 0 7 0 0 0 17 0 0 2 0 1 0 0 0 0
0 19 0 0 0 5 0 10 0 9 13 1 14 0 0 0 7 0 0 0
