14 0 17 0 0 0 0 15 0 0 7 9 0 0 0 0 0 0 0 13
7 0 0 0 0 0 9 0 0 0 0 0 6 4 14 2 17 0 0 0
0 0 11 0 6 0 0 20 14 0 5 12 7 0 0 0 0 0 0 0
0 0 0 0 0 0 7 0 15 0 18 0 9 0 0 0 0 8 0 0
0 0 0 15 1 3 16 19 8 0 0 0 0 0 0 0 0 0 0 14
0 0 0 0 5 0 0 0 0 0 15 8 0 0 2 0 13 17 0 18
17 0 0 0 0 15 0 0 0 0 16 0 8 0 5 11 0 0 0 0
1 8 0 2 0 19 13 0 10 0 0 0 0 18 0 0 0 16 11 6
0 18 0 0 11 10 3 0 0 14 1 0 0 0 0 0 12 0 0 19
12 0 0 0 0 0 0 0 9 0 17 0 0 0 0 0 0 0 0 0
18 11 0 4 19 0 0 16 3 0 12 10 17 0 0 0 0 0 0 0
20 12 2 9 0 6 17 0 0 0 0 14 0 7 10 0 0 0 0 0
10 0 0 0 20 0 15 0 0 17 2 0 0 0 0 0 0 0 9 0
0 0 0 8 7 0 2 0 0 5 0 0 20 0 0 9 4 0 0 12
0 19 7 0 0 0 0 1 20 0 4 0 0 0 11 14 0 3 0 0
0 17 0 0 0 0 0 0 4 11 0 0 3 0 0 0 0 0 6 9
0 0 0 0 0 0 0 3 0 0 0 5 4 0 0 0 0 1 0 10
0 0 0 0 14 0 8 0 13 0 0 0 1 0 6 7 0 0 0 0
4 0 0 14 0 0 12 0 0 20 0 0 0 0 9 10 0 15 0 0
0 7 13 0 4 0 6 0 0 15 0 0 0 0 20 0 0 0 0 0
