0 0 0 0 0 0 0 0 15 18 0 0 0 0 14 0 4 0 0 0
7 0 0 0 2 0 0 0 0 1 0 17 9 0 0 20 3 5 6 8
8 0 0 0 0 0 0 18 0 0 2 4 0 11 0 0 19 0 0 0
0 0 19 20 7 9 4 0 0 13 0 0 0 0 0 15 0 0 0 14
0 0 10 11 0 17 19 20 9 7 8 0 3 0 0 5 13 0 0 0
0 0 0 0 0 0 0 2 0 0 0 16 12 15 0 0 0 13 0 6
0 0 0 0 0 0 0 0 0 0 0 0 14 16 5 1 0 0 4 0
12 0 0 0 6 0 0 0 0 0 0 0 0 0 0 10 0 0 0 0
0 0 1 7 0 0 0 11 0 0 0 0 0 0 0 0 0 0 0 12
15 13 8 16 0 10 0 0 4 14 0 12 6 0 0 0 0 0 0 0
0 0 0 0 0 0 10 0 0 11 0 0 8 19 0 0 2 6 0 1
0 0 0 14 0 0 6 0 2 20 0 9 0 0 16 12 0 0 11 0
9 0 0 0 3 0 0 4 0 0 0 0 18 10 13 0 0 14 12 0
0 0 0 1 0 13 0 7 3 0 0 0 0 14 0 0 16 4 8 0
16 0 7 0 0 0 11 0 8 4 0 0 5 0 20 6 0 17 19 0
14 0 17 0 0 0 0 1 11 9 0 0 0 12 0 0 6 0 0 0
0 11 0 19 0 15 0 6 0 0 0 0 0 5 3 0 7 0 0 0
0 0 9 0 11 0 7 10 0 16 4 0 0 0 1 0 0 0 0 0
0 0 0 0 0 0 0 0 0 0 17 0 0 8 7 0 0 0 0 16
0 7 0 0 0 0 0 0 0 0 0 1 13 0 0 0 12 0 0 0
