15 0 0 4 0 0 18 0 0 0 0 0 0 8 9 0 0 0 2 0
0 0 0 7 0 0 0 0 0 0 0 19 13 0 11 15 12 0 0 17
0 12 0 0 0 6 0 17 8 0 0 0 3 0 0 0 0 0 5 0
0 0 2 0 0 0 0 19 4 1 7 10 0 0 0 18 16 15 8 0
0 11 18 0 7 0 4 0 0 0 20 0 0 16 0 0 3 0 0 0
0 0 0 0 0 18 0 3 0 0 0 20 19 0 0 0 0 0 1 2
11 0 6 10 4 17 12 0 1 0 16 3 0 0 0 0 0 0 7 8
0 0 0 0 16 1 0 0 0 6 8 0 4 0 0 0 17 0 9 0
0 0 0 0 0 0 14 0 0 0 5 0 17 18 0 7 0 0 0 0
0 0 15 0 0 0 0 0 0 17 11 0 0 0 6 8 0 20 0 4
7 0 0 6 5 2 0 13 3 0 15 18 0 0 0 0 9 8 0 1
0 0 17 18 12 3 20 0 14 0 0 0 5 0 10 0 0 0 0 0
0 0 0 0 0 15 0 0 0 0 0 0 8 19 18 0 0 12 0 3
0 15 19 0 0 0 0 0 0 0 0 0 0 12 3 14 0 0 0 5
8 0 0 0 0 0 0 0 0 5 17 4 0 0 1 0 0 0 0 0
0 0 0 0 0 19 15 7 0 0 0 11 0 9 0 0 6 0 0 0
3 0 0 11 0 0 6 0 0 0 18 0 0 0 0 0 0 0 0 9
0 0 0 0 0 16 0 0 0 4 0 0 0 14 0 3 0 0 0 0
0 0 0 0 2 0 3 0 0 0 12 0 0 10 8 20 18 17 0 0
0 0 0 0 0 0 10 8 6 0 0 0 0 13 0 0 0 0 0 16
