0 11 12 0 0 16 0 0 0 0 17 0 0 9 0 0 0 0 0 0
13 2 0 0 0 0 0 0 0 8 0 19 0 0 0 11 20 9 0 0
0 0 0 0 7 0 0 0 0 0 0 0 14 18 0 0 5 0 0 0
0 9 0 5 0 17 0 0 3 0 13 0 6 7 0 8 0 0 16 0
17 18 19 20 0 12 0 0 10 9 15 0 1 0 0 3 0 0 0 14
0 14 0 9 0 0 0 0 17 0 0 0 11 0 0 7 0 13 0 0
0 0 16 0 0 0 11 7 0 0 0 10 0 8 20 0 0 14 0 6
0 3 0 0 0 0 0 0 0 0 5 11 0 0 0 0 0 0 0 8
0 6 18 0 0 0 0 1 0 0 0 14 0 0 12 5 0 16 9 10
0 0 0 0 0 10 0 0 0 3 0 0 0 0 0 14 15 0 0 0
2 0 0 16 0 0 0 0 0 0 4 0 19 11 0 15 0 0 0 7
14 13 0 0 0 0 1 0 0 0 3 8 0 0 2 0 16 0 0 0
5 0 0 17 16 0 20 13 0 0 0 0 0 14 3 1 10 15 0 12
3 0 11 0 0 0 0 0 0 0 0 5 13 0 8 0 14 17 0 0
0 4 0 0 10 0 0 14 11 1 0 15 17 0 0 0 0 19 0 0
0 0 0 0 0 0 0 0 2 0 19 0 0 0 0 0 0 5 0 0
0 0 0 0 0 0 5 0 0 0 10 1 3 0 0 0 0 8 12 0
12 0 0 0 15 0 0 0 0 5 11 0 7 0 1 19 0 0 0 16
0 5 0 0 0 13 0 0 12 0 14 0 0 0 0 0 0 0 0 3
0 0 0 0 19 3 0 12 0 0 0 0 0 15 0 9 2 11 0 0
