0 0 0 19 0 0 3 0 4 0 1 7 8 0 2 5 0 15 16 0
0 0 0 0 0 6 0 13 0 0 0 0 9 0 0 10 0 0 0 0
0 0 0 0 0 0 1 0 2 17 13 0 5 6 0 0 0 0 0 0
0 0 0 0 0 18 19 0 0 0 0 10 12 0 0 1 2 3 0 14
0 0 10 0 0 13 0 0 0 0 0 0 0 0 0 0 8 11 0 0
0 0 0 0 15 0 4 0 1 0 14 0 0 3 0 0 0 0 0 0
0 0 11 0 18 0 17 6 8 9 0 0 15 1 0 0 0 16 4 0
0 0 17 0 0 14 0 3 20 0 0 11 6 0 0 19 0 18 10 7
0 0 0 16 4 3 14 0 0 0 0 0 0 0 9 0 1 0 19 11
0 11 0 18 0 0 8 0 0 0 0 0 14 19 0 12 0 0 2 0
0 2 0 0 0 0 0 0 12 15 0 0 18 0 0 0 4 17 0 0
0 0 0 20 0 4 0 0 6 0 7 0 17 0 1 0 0 0 0 9
0 9 0 4 7 0 0 0 13 0 0 0 1 0 0 14 19 0 17 0
0 0 19 0 0 0 0 0 0 0 0 9 0 4 0 15 0 0 0 2
0 17 0 0 0 0 0 0 0 18 15 0 3 0 10 0 9 0 8 0
0 0 0 0 5 0 9 14 0 4 19 0 0 0 0 0 0 0 12 6
0 0 0 0 0 0 13 0 9 0 0 2 0 0 0 20 10 6 0 15
1 0 0 10 0 0 18 0 16 0 9 0 0 0 0 4 13 0 0 12
0 7 0 0 0 0 0 0 0 0 0 0 0 0 0 0 0 0 5 0
0 16 4 0 13 0 0 0 0 6 0 15 0 0 0 7 3 0 0 0
