16 0 13 0 5 9 0 4 12 0 18 0 0 0 0 17 0 0 11 0
0 19 0 0 0 0 13 0 0 0 5 0 9 0 14 16 0 6 12 0
9 0 17 7 18 0 16 0 0 0 0 10 0 0 0 19 0 0 0 5
1 0 0 0 0 5 0 19 11 7 0 0 0 0 17 0 0 0 14 0
5 1 0 0 0 0 0 0 0 0 13 0 0 15 0 9 3 16 0 0
13 15 0 0 0 0 12 3 4 6 0 0 0 0 0 0 5 17 0 2
0 0 0 4 20 0 2 9 0 0 3 0 11 0 0 0 0 0 1 0
0 0 6 0 0 0 0 10 15 0 1 5 0 0 0 18 0 0 0 14
0 9 0 0 0 0 0 7 6 0 10 0 5 0 0 0 0 0 0 0
0 0 0 0 0 0 0 0 16 0 6 0 17 0 0 0 14 1 9 0
0 5 10 17 0 12 0 0 1 2 0 0 0 0 8 6 0 0 0 0
0 0 0 0 0 17 4 0 0 11 0 2 15 0 9 0 0 13 5 0
18 0 0 0 0 0 0 6 0 4 0 0 0 0 0 12 0 0 0 0
6 0 15 0 0 18 0 0 0 0 19 0 0 0 0 0 0 5 0 0
0 0 3 0 0 0 8 0 14 12 0 0 0 0 0 13 0 0 0 0
0 0 9 19 4 0 0 13 0 0 0 0 0 0 5 14 0 0 0 16
0 0 11 0 1 0 0 16 0 5 0 17 8 0 2 3 0 0 19 13
0 0 0 0 2 10 1 0 0 9 0 0 0 3 13 0 0 0 0 0
0 0 19 0 0 0 0 0 0 0 4 0 0 0 0 0 0 18 16 0
0 0 5 0 0 4 0 17 0 0 16 0 0 0 0 0 2 0 10 0
