0 0 0 5 17 8 14 9 0 0 16 20 0 0 3 18 6 0 0 11
0 0 1 18 2 0 0 0 0 0 8 0 0 9 0 0 12 0 0 0
9 0 6 0 3 0 0 1 0 0 0 2 11 16 0 7 0 0 4 15
0 0 15 0 10 0 0 12 0 0 0 0 14 20 0 13 0 0 5 19
0 0 0 0 11 0 0 0 18 0 0 3 0 0 0 0 0 0 0 0
0 14 0 0 0 0 0 0 0 0 17 0 18 0 20 8 13 0 12 0
4 11 18 0 19 20 0 0 0 5 7 0 13 12 0 0 0 15 0 0
0 0 0 0 8 12 0 0 0 0 14 15 0 0 0 2 0 0 7 0
0 0 13 16 0 0 0 0 0 0 0 0 0 0 0 0 0 0 8 0
0 0 0 0 0 7 0 0 0 6 0 18 0 0 0 0 20 0 14 0
0 15 0 0 14 0 6 17 19 0 0 0 2 0 0 20 1 0 9 0
0 8 19 0 0 0 0 20 0 0 0 0 1 11 0 10 0 12 15 0
0 0 0 12 18 0 11 0 0 0 6 4 0 19 0 15 3 14 0 0
0 16 0 0 15 0 0 8 0 9 0 0 0 0 0 0 10 19 0 0
0 0 0 0 0 0 0 0 10 0 0 0 0 0 0 3 11 0 18 0
0 19 0 0 0 0 5 0 17 18 20 0 0 14 0 9 0 0 0 0
15 0 0 1 0 0 0 14 6 10 0 0 0 0 7 11 0 0 0 0
0 6 0 11 0 0 0 0 0 0 0 0 5 2 0 0 0 0 0 0
10 0 0 0 0 1 0 0 0 0 5 0 0 0 0 0 0 0 0 14
14 0 0 0 0 19 10 0 0 11 0 12 0 0 4 0 15 7 13 0
