0 0 16 17 0 0 0 0 0 9 1 0 0 0 5 0 0 0 0 13
19 0 0 2 4 10 0 17 0 0 0 7 0 0 0 1 5 0 0 0
0 0 8 0 6 0 4 14 0 0 9 0 0 11 0 0 0 0 0 0
1 0 0 0 13 0 3 0 12 0 17 0 0 0 20 0 0 0 8 0
0 13 0 0 19 0 0 0 2 0 0 0 0 0 0 0 14 0 0 0
0 0 0 0 0 18 6 0 0 0 13 0 0 0 0 15 0 0 0 0
0 16 5 15 0 19 0 0 0 10 18 8 0 0 0 7 0 0 0 0
8 2 18 0 0 0 0 15 16 13 0 0 0 0 14 9 0 0 10 19
0 0 0 0 0 9 0 13 0 2 0 20 0 0 0 19 0 0 3 0
0 0 15 0 0 0 0 0 4 0 0 0 2 0 17 0 0 0 0 0
9 0 0 4 0 0 0 19 0 8 0 16 5 0 6 0 20 0 0 14
0 0 17 19 16 6 18 0 0 0 3 0 0 0 0 0 7 1 0 0
20 12 0 16 3 0 0 0 6 0 0 0 0 0 0 0 19 13 1 11
4 0 1 0 10 0 0 9 11 0 0 0 0 0 0 12 0 0 0 7
11 0 0 14 15 3 0 12 13 0 0 0 0 1 19 0 0 6 18 9
0 0 0 0 0 0 19 10 0 0 7 0 3 12 9 0 0 0 0 0
0 0 14 7 0 4 0 0 0 0 5 0 0 0 11 0 0 0 0 0
16 6 0 0 0 0 12 0 0 0 10 0 14 0 0 0 0 0 0 1
10 0 0 0 0 5 11 0 9 0 0 0 16 0 8 3 0 14 0 0
0 11 0 8 12 0 0 0 0 0 0 0 0 0 0 0 4 0 0 0
