0 0 13 0 0 0 16 0 0 0 0 0 0 7 0 0 0 0 3 5
0 0 9 0 4 11 14 17 0 18 0 1 0 0 20 0 0 0 0 15
0 0 0 0 0 0 6 0 12 0 0 3 0 5 0 0 0 0 11 0
1 6 7 10 20 0 0 0 0 0 0 15 16 0 11 18 0 13 0 0
16 0 3 18 14 4 0 0 0 0 0 6 7 0 0 0 19 0 9 10
0 1 0 0 7 0 18 13 17 0 3 0 11 0 0 0 0 8 0 0
0 17 2 0 0 0 1 19 8 12 5 0 0 0 0 0 0 15 0 0
6 5 0 0 0 0 0 0 14 0 0 0 0 20 0 0 0 0 1 0
0 0 0 0 0 0 0 2 0 0 11 16 0 9 0 3 0 1 0 0
0 0 5 0 0 12 0 0 0 11 0 0 3 0 0 0 0 0 6 9
0 0 1 0 0 10 4 0 0 16 0 18 0 8 0 0 0 0 7 0
0 0 18 6 0 0 0 1 0 7 20 0 14 2 0 0 5 0 0 0
0 0 17 19 6 0 0 10 0 0 0 0 15 0 0 0 0 0 0 11
0 0 10 0 0 0 0 0 15 0 9 0 0 0 0 0 17 20 0 6
0 0 4 1 2 0 0 0 0 19 18 0 0 6 0 0 0 14 13 16
0 8 11 0 16 0 0 0 18 0 0 20 0 0 0 0 4 0 15 2
18 0 16 8 0 0 13 0 0 0 0 0 2 11 0 0 0 0 0 0
2 0 0 0 3 0 0 0 16 15 0 0 0 13 0 0 0 0 0 0
0 4 0 0 0 0 0 0 0 0 14 0 0 16 0 11 0 0 0 7
0 9 0 0 0 0 0 4 0 0 0 0 0 18 0 0 0 16 0 0
