12 0 0 0 0 0 18 0 20 10 0 0 0 0 9 1 0 0 7 8
0 5 6 0 0 0 0 12 14 0 0 18 2 0 0 0 0 0 0 0
0 3 0 0 0 0 0 0 0 0 0 0 10 15 0 0 0 14 19 16
0 0 0 0 0 3 0 0 0 0 0 0 0 16 0 0 0 0 17 0
0 17 0 0 0 18 0 0 0 0 19 0 0 0 0 14 0 15 16 13
8 0 15 0 0 16 20 0 0 0 0 6 0 0 4 10 0 0 18 11
0 0 0 0 0 4 0 14 1 6 15 0 0 0 13 0 0 0 12 0
0 0 16 13 0 0 15 17 0 0 8 5 7 0 14 0 9 4 0 19
0 0 5 0 0 0 2 0 10 17 6 0 0 0 0 11 8 19 20 4
0 0 0 0 8 0 0 0 18 0 10 0 0 0 0 6 0 0 0 14
0 0 0 0 4 0 0 0 0 0 0 20 3 0 8 0 18 10 0 12
20 10 0 6 0 0 0 0 0 0 1 0 0 0 0 0 0 13 0 0
0 0 7 0 0 14 0 0 8 0 0 0 0 4 16 0 0 0 0 0
0 1 0 0 0 0 10 0 0 0 0 0 0 9 0 0 0 7 13 0
0 0 0 20 11 0 0 0 0 0 0 0 13 0 0 19 6 0 8 0
0 0 0 0 15 0 16 0 0 0 0 0 6 0 10 0 11 0 0 0
6 9 0 0 0 0 0 0 0 0 0 0 0 0 18 0 14 0 0 0
0 0 2 8 0 11 4 0 0 1 0 0 0 5 0 20 16 0 9 0
0 15 0 0 18 0 7 0 0 0 20 0 0 10 0 0 0 17 0 0
10 16 20 0 5 15 14 0 13 8 0 4 0 0 17 7 0 2 0 0
