0 14 15 0 0 17 0 8 0 0 4 0 0 11 12 0 0 0 0 3
3 0 0 0 20 0 0 13 14 0 0 2 5 0 0 0 0 0 0 11
10 12 7 0 18 0 0 0 0 0 0 14 0 8 0 0 0 0 0 0
0 0 0 9 0 0 0 0 0 5 0 16 18 19 0 0 17 0 13 0
0 0 19 0 3 0 17 0 0 10 0 0 0 2 0 20 9 0 0 0
0 0 10 0 5 1 0 0 20 0 16 0 0 6 0 14 0 0 0 0
0 0 0 0 0 0 0 0 0 0 17 0 0 0 0 0 2 0 18 10
0 0 0 0 17 4 0 0 0 19 0 20 0 18 0 5 1 0 0 0
0 0 11 0 0 0 0 16 4 0 0 0 8 15 0 0 0 0 7 12
0 0 0 7 0 0 0 0 1 0 0 0 13 0 0 0 0 3 0 0
0 2 0 0 0 0 15 0 0 0 0 7 0 0 0 13 0 5 0 18
0 17 0 0 12 14 0 0 0 13 0 0 0 0 0 0 0 0 0 15
0 0 9 0 2 0 5 19 17 18 0 0 0 0 11 0 0 12 6 7
15 0 6 0 0 0 0 0 0 1 9 0 0 4 18 11 14 0 17 20
0 11 0 0 0 0 0 0 15 0 0 10 0 12 0 0 5 0 0 19
0 20 0 16 19 0 10 0 0 0 6 0 17 0 0 0 8 0 0 0
0 0 12 4 6 15 14 0 18 0 0 17 2 0 0 7 20 0 8 0
0 0 0 0 0 8 0 0 0 0 0 0 15 0 6 0 0 17 0 0
8 0 0 0 0 0 0 0 0 0 0 0 0 20 0 6 12 15 19 0
0 0 0 0 15 19 0 0 0 12 0 0 4 0 13 0 0 0 14 1
