0 16 18 0 0 0 0 0 0 0 0 0 0 0 0 0 15 0 13 20
0 11 14 0 0 0 0 0 0 0 0 0 0 0 0 20 0 2 0 6
0 0 0 6 0 0 0 3 0 0 0 0 0 0 0 0 0 1 0 0
2 0 7 0 8 0 18 10 0 15 19 20 1 0 0 12 0 0 0 16
0 8 0 0 15 17 0 0 0 0 14 16 0 3 0 0 0 0 12 19
0 0 0 3 0 0 13 0 8 0 0 0 0 0 18 5 0 0 0 7
15 9 0 0 0 0 0 0 13 2 0 19 0 0 1 0 0 18 0 0
0 18 0 1 0 0 0 0 0 0 3 7 0 0 15 0 0 0 0 4
13 0 0 11 0 0 0 0 0 0 0 1 0 0 3 6 0 5 0 15
0 0 5 10 0 0 15 14 0 0 6 18 13 0 0 0 0 0 0 1
0 0 3 0 0 0 0 0 16 0 0 5 0 0 0 0 0 9 0 2
14 0 0 17 0 13 0 15 0 7 1 0 0 0 0 3 0 19 0 0
9 0 1 0 0 0 0 0 0 6 0 3 0 0 5 0 10 0 0 0
0 0 0 0 9 0 10 18 0 14 0 0 0 0 7 0 0 0 11 0
0 15 0 18 17 0 0 0 10 9 0 4 0 0 0 11 0 7 1 0
0 1 11 0 5 0 0 0 20 0 4 0 7 0 0 15 0 0 0 0
0 0 17 0 14 0 4 8 0 18 0 13 0 10 11 1 0 0 0 0
0 0 13 14 0 0 9 0 0 0 0 0 0 20 0 0 0 8 0 11
0 6 0 0 0 11 1 12 0 0 0 0 8 9 0 19 0 0 0 0
0 4 0 0 18 0 2 20 0 0 12 0 0 0 17 0 13 0 0 0
