0 4 0 0 0 0 17 13 15 0 5 0 12 0 0 0 16 2 19 0
0 5 8 7 0 0 6 19 0 0 4 0 0 0 15 0 0 0 0 0
0 6 0 12 0 0 1 0 0 0 0 0 0 3 0 0 0 0 0 0
0 10 0 0 5 0 0 0 16 20 6 2 11 0 0 1 0 0 18 0
0 2 0 15 0 8 0 0 0 0 9 0 19 0 0 0 0 4 0 0
0 1 7 0 0 0 0 0 0 0 17 0 20 12 13 0 0 0 0 0
5 0 0 11 0 0 16 0 0 0 0 0 0 0 0 0 0 8 0 0
0 0 0 0 17 0 3 0 0 0 0 0 0 7 0 0 19 0 1 9
15 0 0 0 20 1 2 11 0 0 12 5 6 0 0 0 0 7 0 10
6 0 0 20 12 0 0 8 0 15 0 0 0 1 0 11 2 17 0 5
10 0 0 0 15 7 0 0 0 0 2 18 0 0 0 0 0 0 0 4
0 0 17 2 0 3 13 0 0 0 1 0 5 0 0 0 0 11 0 0
0 19 0 9 0 0 0 2 0 0 0 12 0 0 7 0 6 0 0 0
0 0 12 16 6 19 0 0 5 0 3 0 0 0 0 0 0 1 0 0
0 0 0 5 1 0 4 0 9 0 0 17 2 0 12 3 0 0 0 0
0 11 0 0 0 0 12 0 17 0 19 0 0 0 0 8 0 16 0 13
0 0 2 0 0 0 15 0 0 9 0 10 0 0 0 0 0 0 8 0
0 0 5 18 0 0 0 0 12 2 0 0 0 16 0 0 0 0 0 0
0 15 6 0 0 0 0 0 0 0 0 8 4 5 0 20 0 12 17 0
0 17 0 0 0 0 0 1 14 0 0 15 13 0 0 0 0 6 0 0
