15 0 10 0 17 0 0 0 0 0 12 0 18 0 13 5 1 0 2 0
17 0 8 18 0 2 0 0 0 1 6 0 0 0 9 0 0 0 4 0
0 0 2 0 0 0 0 0 0 0 0 0 0 0 16 0 0 18 10 0
0 0 0 0 0 4 0 0 0 20 0 0 0 0 0 0 0 16 0 0
14 0 13 0 16 9 0 0 8 0 15 0 0 4 2 0 0 19 0 0
0 0 0 0 0 0 11 14 0 0 0 0 0 13 0 0 2 0 8 0
2 0 0 0 0 15 16 12 0 0 19 0 0 0 0 8 10 5 0 11
0 0 15 0 0 0 6 0 0 0 0 0 0 0 0 20 0 3 13 16
0 0 0 4 0 0 8 0 0 0 0 0 2 0 5 0 6 0 0 18
0 8 0 0 2 3 1 17 0 0 16 13 0 0 12 0 0 20 0 0
0 0 0 0 12 0 0 0 19 0 0 0 14 0 0 0 16 0 0 0
0 0 0 0 0 0 0 19 15 12 0 0 17 16 0 0 18 0 3 0
0 0 0 0 0 18 0 0 0 13 11 0 0 0 0 3 19 12 5 8
11 5 12 3 0 16 0 15 18 17 0 1 0 0 0 0 0 0 7 0
0 0 0 0 0 20 9 7 0 0 3 0 0 5 8 0 0 0 0 0
0 17 18 13 0 0 14 0 0 0 0 0 0 1 11 12 0 0 0 0
0 10 0 0 0 0 0 0 0 0 0 0 0 0 0 13 0 4 17 0
0 0 0 0 0 12 0 0 0 0 0 0 0 8 18 0 13 6 0 0
0 12 3 0 0 0 0 16 0 0 10 6 19 0 7 4 14 8 0 5
0 0 4 14 0 0 5 0 0 0 18 0 9 17 0 0 0 0 0 0
