0 9 0 5 0 0 0 8 0 12 17 18 7 0 0 14 0 0 0 0
0 0 0 0 0 3 0 18 0 0 0 0 0 0 2 0 0 0 0 0
0 8 0 0 0 0 5 0 0 0 15 0 0 0 0 0 11 17 0 0
0 0 6 0 0 0 0 15 0 0 11 0 4 0 0 0 0 0 20 0
0 11 0 13 7 6 0 0 0 4 0 8 0 0 9 0 14 0 1 3
0 14 2 0 0 0 0 0 0 7 0 0 0 13 19 0 18 0 12 0
0 0 0 0 10 0 16 0 17 18 0 0 0 2 0 0 0 0 0 0
0 18 0 4 0 0 0 0 0 11 6 15 0 7 0 0 20 0 0 0
0 0 0 0 6 11 0 5 0 0 0 4 0 20 0 0 0 0 19 14
0 0 0 0 4 17 0 0 0 1 10 19 0 0 7 3 8 9 15 16
20 7 0 14 0 0 0 2 0 0 0 0 0 0 0 13 0 0 5 0
13 0 0 0 1 0 0 0 12 14 0 5 0 17 0 2 0 20 0 0
16 0 0 0 8 0 0 0 0 0 0 0 0 4 0 0 0 0 0 1
7 0 0 0 11 12 0 0 0 0 0 20 0 0 1 0 0 0 8 0
0 0 0 12 0 0 0 0 8 0 0 0 0 11 6 20 0 0 0 0
0 0 4 0 14 5 0 1 20 0 0 0 8 0 0 16 0 12 17 0
8 16 0 0 0 9 0 0 0 13 20 0 18 15 10 1 3 4 0 6
0 0 0 0 0 0 1 0 0 15 0 0 19 0 0 0 0 0 0 0
0 0 11 3 0 0 0 0 10 0 7 0 1 0 4 0 17 0 9 0
14 0 1 20 0 0 0 0 0 0 0 0 0 5 8 0 0 0 11 19
