10 0 16 0 18 0 20 9 4 0 0 12 0 11 6 3 1 5 0 0
0 0 11 0 0 0 0 0 17 0 0 0 0 0 0 0 3 0 0 0
0 0 12 0 8 0 14 0 0 0 0 11 16 0 0 4 0 0 0 0
0 4 0 0 0 0 16 0 0 0 0 0 0 0 0 0 0 0 0 0
0 0 0 18 0 0 4 15 2 0 14 0 17 0 0 9 0 8 0 0
0 0 18 0 0 17 0 0 0 0 12 0 2 5 0 0 11 15 7 10
0 0 0 0 3 0 0 18 0 0 8 0 0 0 0 0 17 19 0 0
0 0 0 7 0 5 0 0 18 0 0 19 0 0 0 14 0 1 0 0
0 0 10 0 0 0 0 0 0 15 4 0 0 0 0 0 14 6 0 0
16 0 5 0 0 0 7 19 0 1 0 13 0 0 0 15 2 0 0 0
0 8 0 0 0 0 13 2 0 0 0 10 3 4 0 0 19 0 18 0
0 0 0 0 17 0 0 0 8 0 0 7 0 0 10 6 0 0 0 0
13 0 0 0 0 9 18 0 19 0 2 0 0 12 0 7 8 16 10 6
4 0 9 15 0 14 6 0 0 0 1 0 0 0 0 8 7 2 0 0
7 0 0 16 4 0 0 8 0 0 0 0 0 0 0 2 5 0 0 0
14 16 15 4 0 0 0 0 0 0 0 8 1 3 9 0 0 0 0 0
0 0 17 0 0 0 0 0 9 19 0 0 5 0 0 0 0 3 0 0
6 18 0 10 0 0 9 14 15 0 0 4 0 0 0 0 16 0 0 0
0 0 0 0 0 0 0 0 0 12 0 2 10 8 0 11 0 4 0 0
19 0 8 0 0 0 0 0 0 0 10 6 0 0 0 20 13 0 0 0
