0 0 12 11 0 0 0 0 0 13 20 0 0 0 0 0 0 0 0 6
20 0 10 0 0 0 5 11 0 17 1 0 0 0 0 0 0 0 0 0
14 0 1 0 18 0 0 0 15 0 0 0 11 20 4 0 0 0 10 0
0 0 0 6 0 0 0 0 0 16 0 0 0 2 0 5 0 0 0 0
8 0 4 0 0 0 0 15 18 7 0 14 0 0 0 0 0 0 0 0
0 0 0 0 0 0 9 2 0 0 8 5 0 0 0 3 0 0 19 15
0 0 0 0 0 0 0 0 2 0 0 0 16 9 15 1 13 0 0 18
0 0 0 16 0 0 13 0 9 19 0 0 0 0 5 0 0 0 0 0
3 0 11 0 15 0 0 0 0 0 0 0 18 8 0 0 0 12 0 0
0 9 14 17 0 0 19 0 0 0 0 11 2 0 0 0 4 0 16 0
4 0 20 0 0 0 14 3 19 0 13 0 0 0 11 16 7 0 9 0
0 0 0 0 1 12 16 5 14 0 9 0 0 0 0 0 6 0 0 0
0 0 18 0 0 0 17 0 0 0 0 2 4 3 9 0 19 0 20 12
0 0 3 0 9 19 0 0 0 0 0 0 12 1 0 0 11 0 13 0
0 14 0 0 11 0 20 0 10 0 0 0 7 0 0 8 0 0 0 0
11 0 0 0 0 0 0 16 0 0 0 0 0 10 0 7 8 0 2 0
0 0 0 20 8 0 0 0 7 0 0 0 0 0 0 0 10 0 0 17
0 0 5 0 13 11 6 7 0 0 18 19 0 12 20 0 0 0 4 0
0 0 9 0 14 0 0 0 0 0 4 0 19 0 0 0 0 0 0 0
0 10 0 0 17 0 15 0 5 0 12 8 1 0 13 4 0 0 0 20
