0 0 0 0 0 7 12 18 0 0 0 0 0 5 4 0 0 3 14 0
0 0 0 0 0 5 0 0 0 4 7 17 0 0 0 2 0 0 0 0
4 1 0 0 0 2 17 9 0 0 0 0 7 13 0 0 0 0 0 0
0 2 14 0 0 0 0 0 0 12 0 18 11 0 20 0 0 0 0 9
0 0 0 0 1 0 0 13 2 0 0 3 0 18 15 0 4 0 7 12
0 0 0 8 0 0 0 0 0 0 0 19 0 0 0 0 0 11 0 20
0 0 16 0 11 0 19 20 0 14 0 7 0 0 0 0 2 0 0 0
17 7 0 0 0 15 16 0 4 0 0 1 0 0 0 0 0 12 5 19
0 0 0 0 0 6 0 12 13 0 10 0 0 0 18 17 0 0 0 0
0 0 0 0 0 0 0 0 0 17 0 12 15 0 0 0 0 0 3 0
0 0 4 0 0 0 13 0 0 0 14 0 0 15 3 0 0 0 0 17
0 0 20 16 0 0 0 10 0 0 12 0 0 0 0 0 0 0 9 0
0 0 0 0 19 0 0 0 0 1 0 4 0 0 0 10 12 0 0 0
3 13 10 0 0 0 2 0 20 0 5 15 0 0 9 0 11 0 0 0
0 8 12 1 0 14 0 0 0 0 0 0 0 19 0 0 0 0 0 0
12 3 0 14 17 0 20 2 18 13 0 6 0 0 8 5 0 0 0 0
0 0 8 17 0 1 0 0 7 0 20 0 2 0 0 0 14 18 0 0
0 11 0 4 8 0 15 0 0 19 1 0 18 0 14 0 0 7 2 0
0 0 0 10 0 3 7 0 14 2 0 0 0 0 0 0 20 0 11 0
0 16 0 0 0 0 11 0 12 0 0 0 0 0 0 0 0 17 13 0
