3 0 0 0 0 0 0 10 18 15 0 0 0 0 0 13 0 6 11 0
0 0 0 0 0 0 0 0 4 0 0 0 0 6 0 0 19 0 13 0
15 0 0 0 0 0 0 0 0 0 20 9 18 19 0 0 0 0 0 14
0 12 0 0 0 0 0 0 2 0 8 0 0 15 0 11 17 0 0 0
0 2 19 20 0 0 14 0 6 0 0 0 0 0 0 0 0 0 0 5
0 0 5 3 0 0 0 0 1 0 0 0 0 10 0 0 0 0 0 0
12 13 2 0 0 0 0 4 0 19 7 0 6 14 0 0 0 0 0 0
0 18 0 16 7 0 0 0 8 0 0 0 0 0 19 0 2 3 5 13
0 0 0 0 0 0 5 12 0 0 3 0 0 0 16 18 0 7 0 0
0 20 0 10 0 9 0 15 0 16 0 0 3 0 0 0 0 0 1 0
0 0 0 5 12 10 15 6 0 8 0 18 0 0 0 0 0 0 16 7
0 0 0 0 0 0 0 0 0 7 6 0 16 0 0 15 0 18 8 0
0 8 7 0 0 0 0 0 17 0 2 0 1 0 0 0 0 0 0 0
0 9 0 0 0 19 20 1 0 0 0 15 0 0 0 0 4 0 10 6
20 0 0 0 0 0 0 7 12 4 0 10 2 0 18 0 1 0 0 0
4 0 11 7 0 0 3 9 0 0 0 2 12 0 0 19 0 8 0 17
0 0 16 0 13 0 0 0 19 0 5 3 0 0 0 0 0 0 0 0
8 0 0 17 0 20 0 0 0 0 0 0 0 16 13 0 10 0 0 0
0 10 18 0 15 0 11 17 0 0 0 0 0 0 0 5 16 0 12 3
13 0 20 0 10 0 0 0 0 0 0 0 0 0 0 14 11 5 19 0
