0 12 0 13 0 16 0 0 0 9 0 18 19 20 0 0 0 0 4 0
0 0 0 4 0 0 12 13 0 0 5 0 0 0 0 0 0 8 0 18
8 0 18 19 0 0 0 0 5 6 15 0 12 0 13 0 0 0 14 16
0 1 0 0 0 2 15 0 0 0 0 0 0 0 16 0 0 0 0 0
19 0 10 0 6 0 17 0 1 3 0 12 0 0 0 0 0 0 0 0
0 3 0 0 0 0 9 8 0 0 0 0 17 0 0 0 0 0 0 19
13 0 0 0 4 0 5 7 0 0 0 0 1 0 0 2 0 0 0 0
0 9 0 0 0 0 0 0 11 19 2 0 0 0 0 0 1 0 0 0
0 0 0 0 7 18 1 0 0 0 0 0 13 0 12 20 9 0 0 10
0 0 0 0 15 0 0 0 0 0 1 5 0 8 4 0 0 0 13 7
0 0 4 0 19 0 0 15 0 0 0 14 0 0 0 0 0 3 0 0
0 0 0 0 0 5 19 12 0 0 0 11 0 2 0 14 0 1 8 0
0 0 11 0 10 0 0 9 3 0 0 0 18 16 15 0 0 4 1 0
0 0 0 16 0 0 0 6 0 0 0 0 5 0 0 15 11 0 0 9
18 0 0 0 2 0 0 0 15 1 0 0 0 0 0 16 12 0 5 0
3 4 15 0 9 0 10 0 0 0 0 0 0 0 14 17 18 0 0 0
9 0 0 0 0 0 0 1 0 0 0 0 0 0 0 0 0 0 0 2
0 0 1 2 0 14 0 0 0 0 18 0 0 0 0 0 0 0 15 4
0 0 0 20 0 3 0 0 0 5 0 16 0 19 2 0 0 0 0 1
0 8 0 0 16 0 0 0 0 7 12 15 3 5 0 10 13 0 20 11
