0 0 0 13 15 0 0 0 0 20 0 0 0 3 0 0 0 0 6 0
2 3 1 7 0 0 0 0 17 0 9 4 0 0 10 0 0 0 0 20
0 16 18 0 20 4 0 0 0 15 0 13 0 0 17 0 0 0 2 0
0 0 14 0 0 0 0 0 0 8 0 0 0 0 15 0 9 0 12 0
0 18 4 0 19 0 20 0 0 0 5 15 0 0 14 0 0 0 7 11
6 7 15 20 0 0 14 0 0 1 0 0 0 0 0 0 0 9 0 12
0 5 0 0 0 0 9 4 18 0 0 0 1 19 20 0 0 0 0 14
0 9 10 14 0 0 17 5 2 19 6 0 0 11 0 0 18 0 20 4
0 0 0 0 5 1 0 17 0 2 0 0 12 0 0 18 0 0 0 0
0 0 6 0 0 18 10 0 0 0 1 0 0 0 0 11 0 0 13 0
0 0 0 0 0 0 0 0 0 14 15 8 0 0 0 0 4 6 0 0
1 0 0 12 14 13 0 6 0 0 0 18 7 0 0 8 2 0 0 0
0 8 5 0 0 0 0 0 0 0 0 20 0 0 0 0 0 0 0 10
14 0 0 0 0 10 0 0 0 0 0 0 0 1 0 0 0 0 0 0
20 10 0 0 0 17 0 12 0 0 8 0 0 7 0 0 0 14 5 0
0 4 0 0 18 0 19 0 0 0 2 0 0 0 0 16 0 13 1 0
19 14 0 11 7 12 2 0 15 6 3 9 0 8 0 0 0 0 0 0
0 0 0 4 0 0 0 0 0 0 20 0 0 0 12 0 0 0 0 0
5 1 0 0 6 0 0 0 0 0 17 0 0 0 19 7 0 0 0 3
0 0 0 0 0 0 0 0 0 17 0 0 11 0 0 0 6 0 0 0
