16 11 18 0 0 0 0 0 0 0 0 0 12 3 0 0 0 0 0 0
8 0 0 9 0 0 0 0 0 0 0 17 0 0 0 0 6 0 19 7
0 0 5 4 13 0 1 6 0 0 0 2 0 0 0 0 0 14 16 0
0 0 0 7 0 0 0 0 0 0 0 13 0 16 0 17 0 0 0 0
0 0 15 0 0 0 0 0 0 6 0 0 18 0 11 0 9 0 0 0
11 0 0 0 0 7 0 0 0 13 0 0 2 0 0 0 14 0 6 0
0 0 0 16 9 5 0 18 0 17 8 12 0 0 0 0 0 0 0 0
0 0 6 18 0 0 9 8 11 0 0 0 5 19 17 7 0 0 0 0
0 0 0 0 0 0 7 0 0 16 17 0 3 0 12 0 0 9 1 0
1 6 14 0 0 0 0 17 18 3 0 0 0 4 0 0 5 0 0 19
9 4 0 0 0 0 6 0 1 0 0 5 19 14 0 0 0 0 3 17
10 19 7 0 17 9 0 14 5 0 0 0 0 0 0 13 0 0 0 0
0 0 0 0 0 0 14 16 19 20 0 6 0 0 0 0 1 0 17 18
0 0 0 0 0 0 5 0 0 0 0 0 0 0 0 19 0 0 0 0
0 0 17 0 20 0 2 3 4 0 0 0 0 0 0 0 0 0 0 15
0 0 0 0 0 0 0 15 17 18 0 0 0 5 0 4 0 13 0 0
17 3 12 0 19 18 0 0 20 0 15 0 16 6 5 0 0 0 7 0
0 0 4 6 16 0 15 0 3 0 0 0 0 9 0 0 0 0 0 0
0 9 0 0 1 0 17 0 0 0 20 19 0 10 3 0 18 0 0 0
0 0 0 0 5 0 13 9 0 0 0 0 11 0 0 0 19 0 0 2
