0 0 0 0 8 15 0 0 0 11 0 13 4 20 6 0 12 0 0 10
15 0 0 0 0 0 0 20 0 0 0 8 0 0 0 0 7 13 0 0
0 0 12 4 17 0 0 1 6 0 0 10 5 0 0 0 0 0 0 0
0 0 0 10 0 0 8 9 0 0 0 0 0 0 14 0 6 0 17 0
0 0 18 19 0 13 0 4 0 0 0 11 15 16 0 20 5 0 7 0
4 10 14 8 0 0 0 0 15 0 0 0 3 0 0 12 0 9 0 0
0 7 15 0 6 0 0 2 0 12 0 19 9 0 0 0 0 0 0 0
0 0 0 0 0 0 0 0 20 0 0 0 0 8 0 0 2 0 15 0
0 0 0 0 0 11 0 0 0 8 0 0 0 0 0 16 0 0 0 5
0 0 0 0 0 0 0 0 0 0 0 0 0 10 0 0 0 12 0 13
10 0 4 0 0 0 0 0 0 7 0 0 20 1 0 0 0 0 0 0
17 0 0 0 0 0 2 0 13 0 0 4 0 0 0 0 19 0 1 0
0 14 0 0 4 20 0 0 8 2 0 0 0 9 0 0 0 0 0 7
6 0 0 0 0 1 0 3 0 0 0 12 0 7 16 18 0 4 0 0
8 0 0 0 0 0 12 6 0 9 0 3 1 0 0 0 11 15 0 0
0 0 10 0 18 0 4 15 0 0 0 0 0 0 0 0 0 1 12 3
0 8 16 14 0 0 0 0 0 0 0 15 0 19 0 7 1 17 0 11
11 4 0 3 0 0 16 0 0 0 9 0 0 0 0 13 10 0 0 0
0 15 19 6 0 5 0 11 17 1 0 16 0 0 10 4 9 3 0 0
0 18 0 0 0 10 0 0 0 3 0 0 7 0 0 0 0 0 0 0
