9 4 0 0 0 15 13 17 0 0 18 0 0 6 20 0 16 0 19 0
0 10 0 0 15 0 0 0 11 0 0 0 8 0 0 6 5 3 0 0
0 0 0 0 2 0 10 0 9 5 0 0 0 0 3 0 8 0 18 15
0 0 0 20 0 4 0 1 0 8 13 0 0 0 0 9 0 0 0 17
0 8 0 10 7 0 0 0 0 18 0 0 0 0 0 0 0 0 3 0
0 12 14 0 0 0 0 5 0 0 10 0 0 0 17 4 0 0 9 0
0 3 1 0 13 0 0 0 0 0 0 0 18 0 0 10 0 0 0 16
0 16 0 0 20 0 0 13 0 11 1 0 0 0 0 0 0 0 0 0
12 0 7 11 0 0 0 0 20 0 0 4 16 10 0 0 0 0 0 0
13 0 0 0 0 0 0 12 5 0 0 0 0 0 0 0 0 0 0 0
14 0 5 9 0 18 0 7 0 0 0 0 0 0 15 0 2 16 0 11
16 0 3 17 8 0 0 0 0 13 2 0 14 0 0 0 0 4 5 0
4 7 0 0 0 0 0 10 0 0 0 0 0 0 19 16 0 0 0 0
0 1 0 0 0 0 0 0 0 0 20 5 0 7 0 19 0 0 0 0
8 13 0 0 0 0 0 0 1 0 0 12 11 9 14 7 0 15 17 0
0 5 0 0 0 0 0 0 0 16 0 3 0 0 0 0 0 0 0 0
0 9 0 1 18 0 0 14 0 0 17 19 12 0 6 15 0 0 16 5
0 14 0 8 5 0 0 0 0 0 0 0 0 0 0 0 9 10 0 0
0 0 0 16 0 20 17 0 0 0 0 0 0 18 0 0 0 7 0 13
0 17 0 19 0 0 0 15 0 12 0 0 0 4 0 2 0 18 0 6
