0 14 0 7 0 10 0 0 0 0 0 0 0 0 0 0 13 0 0 0
0 0 13 2 12 0 0 0 18 0 0 0 16 5 0 15 9 0 0 0
8 0 0 0 0 0 16 20 0 5 0 10 17 0 15 0 7 6 14 0
0 0 0 10 0 0 0 0 0 0 20 11 0 13 0 0 0 0 16 19
12 13 0 15 0 0 0 19 0 0 0 5 0 0 0 0 0 0 8 0
0 8 0 0 0 0 0 7 13 0 16 0 19 0 0 0 4 5 0 6
0 0 0 0 0 1 5 0 4 0 0 0 0 0 3 16 11 12 18 0
0 0 4 0 0 0 0 0 6 0 10 0 2 0 0 0 0 0 0 0
0 18 0 0 0 0 7 0 0 0 0 0 8 0 14 0 12 0 0 0
0 17 0 14 0 15 2 0 0 12 0 0 0 18 16 4 0 9 0 0
0 0 15 0 6 19 0 0 0 0 0 0 0 0 17 0 16 0 0 11
0 0 2 0 0 0 0 0 0 3 0 0 12 0 19 6 15 0 0 7
0 0 0 0 0 0 0 0 0 0 0 0 3 0 0 13 8 0 0 12
13 0 0 0 0 0 0 0 3 0 8 0 0 16 5 10 0 0 0 14
0 0 3 12 0 14 0 13 0 0 17 0 0 0 0 18 0 0 2 16
0 16 0 0 0 18 0 0 0 6 0 13 0 0 0 0 17 0 7 0
0 10 17 0 0 7 0 8 0 13 0 16 5 0 0 0 0 0 12 0
0 11 0 0 0 20 0 3 9 0 13 0 0 0 0 0 0 16 0 2
0 3 0 0 7 0 14 0 0 4 0 0 11 0 0 0 0 13 0 0
0 0 0 4 13 2 0 10 0 1 0 0 14 0 0 0 0 7 15 5
