0 0 0 0 0 0 0 19 0 9 0 4 0 13 17 11 18 0 0 0
4 5 0 0 0 0 0 18 0 11 2 0 6 7 0 0 13 14 0 15
0 11 12 13 0 0 0 2 0 0 14 0 0 0 15 7 0 0 0 0
17 2 18 19 20 7 0 0 0 15 0 8 0 11 16 0 0 0 6 10
0 0 0 0 17 9 0 0 0 0 12 6 15 16 0 0 0 0 10 0
0 0 0 0 0 0 0 0 16 19 20 0 4 0 0 2 11 15 0 0
0 1 0 2 0 0 0 10 0 0 0 5 0 0 0 0 17 0 12 0
0 7 0 4 14 0 0 0 0 0 8 0 0 0 2 0 0 0 0 0
0 0 17 0 4 0 11 0 13 0 0 0 0 0 0 0 0 0 0 0
0 12 9 0 11 10 0 0 0 0 0 0 0 19 20 0 2 0 0 0
0 14 10 0 2 12 0 0 19 0 4 18 0 0 5 0 0 17 0 0
0 3 13 7 0 15 0 0 9 0 17 0 0 0 11 6 0 1 0 0
19 0 0 10 0 0 0 0 0 0 0 0 17 0 13 0 0 0 0 0
0 16 1 0 0 3 0 0 0 0 10 0 5 0 0 0 6 11 0 0
7 0 4 0 18 0 0 0 0 0 0 0 0 0 0 19 12 0 1 0
3 0 0 0 0 0 0 9 0 0 0 1 0 0 18 0 0 5 0 20
0 0 0 0 8 0 0 0 0 0 0 0 7 0 0 17 1 0 0 11
18 10 0 12 0 0 4 0 0 0 19 0 16 17 0 0 0 0 0 0
0 0 0 0 0 18 0 0 5 0 0 14 10 0 6 15 19 0 0 0
0 0 0 0 0 0 0 0 0 0 0 9 0 0 0 4 10 7 0 0
