16 0 0 0 0 6 0 0 0 14 12 0 17 0 3 0 18 8 0 0
0 7 0 0 0 0 0 0 0 0 0 0 0 0 6 13 0 0 0 0
0 0 1 0 0 15 0 17 13 0 9 0 14 0 0 0 0 12 11 0
15 0 8 0 0 0 0 0 0 0 0 0 0 11 10 0 4 0 0 0
0 0 3 0 15 0 12 0 0 0 0 0 9 16 0 0 14 0 2 7
0 11 0 0 19 0 4 0 0 0 0 13 0 0 0 0 0 16 0 0
6 0 0 0 0 0 0 13 2 0 3 14 0 12 19 1 11 0 17 0
4 0 17 2 14 0 0 0 0 16 0 0 0 0 1 0 0 0 8 15
0 0 0 0 0 0 0 0 0 7 0 0 4 0 0 0 0 15 0 0
0 0 19 16 3 0 8 0 10 0 0 0 0 0 0 14 0 2 13 0
0 17 0 0 0 0 19 12 0 0 7 0 0 8 0 0 16 18 0 0
0 0 0 18 7 16 0 0 0 0 11 10 0 19 0 3 0 0 0 0
17 2 18 0 0 9 0 0 7 8 6 0 0 0 0 0 12 0 0 16
0 0 0 11 16 0 0 14 0 20 0 12 0 2 0 0 0 0 0 0
12 0 14 0 0 2 10 0 0 6 0 16 1 0 0 0 8 0 9 0
3 4 0 1 8 0 0 0 0 0 0 7 0 0 0 2 0 20 19 11
0 0 0 14 17 0 16 0 9 0 0 0 0 6 0 0 0 0 0 13
13 0 0 0 1 0 0 0 0 0 0 17 11 10 0 0 0 0 0 0
0 0 7 0 0 10 0 0 0 0 5 0 16 0 0 0 0 0 0 0
0 3 0 4 2 0 0 0 0 13 0 19 0 15 0 0 6 10 0 0
