0 0 0 0 0 0 5 0 0 0 1 11 0 0 0 3 0 10 0 15
0 0 12 0 14 0 17 18 0 0 20 2 5 6 0 8 0 0 4 7
0 0 0 0 0 0 0 19 0 0 16 18 0 7 17 11 0 2 0 13
0 0 5 0 0 10 0 0 0 13 0 0 20 0 0 1 0 0 16 0
0 1 8 14 11 12 0 0 0 0 0 0 0 9 0 2 6 0 0 0
0 0 0 6 0 0 0 0 17 18 0 0 0 0 0 12 0 16 0 0
18 0 0 0 0 0 7 12 15 0 10 3 0 0 0 0 14 0 2 9
0 0 0 0 6 8 0 0 0 12 0 0 9 0 0 0 0 0 0 0
0 14 9 7 16 0 0 0 0 0 0 0 0 0 5 0 0 0 15 0
0 0 0 0 0 0 0 0 1 0 0 0 0 11 2 0 0 18 0 0
0 0 11 0 0 0 0 0 10 0 0 12 0 13 0 4 0 0 0 18
0 0 17 4 0 16 1 0 8 19 0 0 3 0 0 0 0 9 11 0
20 8 0 16 12 9 0 0 0 0 0 1 0 0 7 0 0 0 17 5
0 18 0 0 0 0 0 5 0 0 0 0 0 0 0 0 0 0 0 0
0 12 0 5 0 0 19 6 0 0 0 7 0 20 0 0 13 15 0 0
0 0 1 0 0 2 6 11 0 0 0 0 0 3 0 10 0 19 8 0
12 13 16 0 5 0 0 0 0 0 0 0 0 0 0 0 15 0 0 17
19 7 0 0 0 18 0 0 0 0 0 0 0 2 0 0 0 0 9 4
11 0 2 0 0 0 16 9 0 1 3 0 0 0 0 18 0 0 10 0
0 9 6 0 0 0 0 17 4 0 0 0 0 8 20 0 0 7 0 0
