0 0 0 0 10 0 0 8 0 0 0 0 0 0 0 0 7 0 1 0
0 0 7 0 0 14 0 0 0 19 0 20 0 2 0 0 0 0 3 4
0 0 1 13 3 4 2 0 0 0 0 0 0 0 15 7 11 12 0 6
9 8 0 2 0 12 0 0 0 0 0 0 0 16 0 0 0 0 0 0
0 0 0 0 7 13 0 0 1 0 0 0 0 4 0 12 0 20 0 0
0 0 0 0 9 0 0 5 7 14 0 19 0 0 0 0 3 0 4 0
4 0 0 20 0 1 0 0 6 0 0 0 0 0 12 0 0 8 2 0
0 0 10 5 0 0 11 4 20 0 0 0 0 0 13 0 0 7 0 17
6 0 0 14 17 0 0 2 0 0 0 0 0 19 5 0 0 0 12 0
0 0 3 15 0 20 6 0 0 0 0 0 0 9 0 0 0 19 14 0
19 0 0 0 0 0 0 0 0 0 0 2 0 0 7 0 0 4 0 0
12 0 0 7 0 6 20 3 0 0 0 17 0 0 0 18 0 0 0 0
2 13 0 0 15 0 14 0 0 11 0 5 0 0 20 0 0 0 7 0
0 0 0 9 0 10 0 11 0 7 19 0 13 5 0 0 0 0 0 0
15 0 4 0 0 0 0 0 0 12 10 0 11 0 0 0 0 17 8 0
0 0 12 0 0 0 0 0 0 0 0 3 2 13 0 17 0 1 0 7
1 0 9 0 0 15 5 0 0 0 0 0 0 0 0 4 6 3 0 0
0 0 0 4 8 0 17 10 0 16 0 7 0 0 0 0 0 5 18 0
0 0 2 0 4 0 0 0 0 0 0 12 0 0 18 3 14 11 0 8
0 17 20 0 0 7 0 0 0 0 0 0 5 0 0 0 0 0 19 0
