0 0 0 1 0 16 0 0 0 0 20 10 12 13 15 2 5 0 6 0
0 10 0 6 12 0 0 0 5 0 0 0 0 3 17 19 0 0 0 15
13 0 0 15 16 0 0 0 8 0 0 0 7 0 0 10 0 0 12 0
17 0 0 0 0 10 0 0 15 0 0 4 6 0 11 1 0 0 0 0
0 0 8 12 0 0 7 0 0 0 15 9 0 4 10 13 0 0 0 0
14 0 0 0 0 0 2 0 13 0 17 0 0 7 20 0 0 0 0 0
0 0 10 0 15 0 6 4 12 19 0 0 0 8 0 14 0 0 0 0
0 0 0 7 13 0 8 10 0 0 19 0 0 1 0 11 0 0 17 0
0 0 2 0 0 11 0 0 0 0 0 0 0 0 8 0 0 20 0 0
0 0 4 0 0 0 9 20 0 0 14 7 11 15 16 0 0 1 0 0
0 17 0 0 0 0 3 0 0 10 0 0 0 0 9 0 0 8 16 0
0 19 0 13 0 7 16 0 0 0 0 0 20 0 5 0 11 0 0 0
0 5 0 2 0 0 0 0 0 0 9 0 0 0 0 0 0 0 7 1
0 0 0 0 0 12 0 8 20 18 7 19 0 0 4 0 0 17 0 3
0 0 1 0 0 0 0 0 0 3 13 0 0 0 0 0 0 0 0 18
4 0 0 0 0 0 19 0 17 0 0 0 0 16 14 0 0 0 0 0
0 0 0 0 0 8 18 0 0 0 0 0 0 20 2 15 0 0 4 0
0 14 0 0 0 20 10 0 0 0 0 15 0 19 0 0 0 16 11 5
0 0 12 10 0 0 5 0 0 14 0 0 0 6 0 17 0 0 0 0
0 9 0 0 0 15 4 0 0 0 0 0 0 0 0 7 0 13 0 0
