0 14 0 0 7 8 0 12 0 0 0 0 0 17 18 0 0 0 11 0
11 12 0 0 6 0 13 0 1 4 0 0 0 0 0 8 0 0 0 0
2 0 6 0 0 16 0 0 0 0 11 0 0 0 10 0 0 0 0 0
0 0 13 5 17 0 19 0 0 0 0 0 0 0 0 0 0 0 0 0
0 0 20 0 3 0 0 11 0 15 0 0 0 13 16 0 0 0 0 8
19 0 7 20 4 3 6 18 15 0 0 0 0 10 8 0 11 0 12 0
0 13 0 4 0 0 5 0 0 0 12 6 0 11 3 0 0 7 15 0
0 6 0 2 11 0 0 0 0 8 0 0 9 0 4 0 20 0 19 0
10 0 0 0 0 20 1 16 0 7 0 0 0 0 0 0 0 14 0 0
14 1 0 0 0 12 0 0 0 0 0 0 0 16 0 0 0 0 0 0
7 0 0 0 2 0 0 20 0 0 5 4 3 0 11 0 12 13 0 14
0 0 0 0 0 7 0 0 6 0 0 1 0 0 0 0 0 10 0 16
16 20 0 6 0 5 11 0 0 9 8 0 0 0 13 0 0 18 7 0
0 0 18 3 0 0 0 0 0 0 10 15 0 6 0 0 8 0 0 0
13 0 0 14 0 0 3 10 0 0 0 0 4 0 9 19 0 0 0 11
0 4 5 19 0 0 0 17 11 0 0 0 10 0 0 0 18 0 0 20
0 0 0 13 0 19 0 0 0 10 0 0 0 0 0 0 14 0 0 0
0 0 10 0 0 0 0 0 0 16 6 0 12 0 0 0 0 0 0 17
0 16 0 0 0 0 7 0 20 0 3 0 0 0 0 9 5 0 0 0
0 0 0 0 0 0 10 0 0 0 17 0 16 0 0 14 0 15 0 0
