0 0 0 0 0 4 13 19 0 0 0 10 0 0 0 11 14 18 2 0
0 18 0 0 19 0 17 0 20 0 0 14 16 0 0 12 0 0 1 0
0 0 0 7 20 0 0 0 0 0 0 0 8 0 12 0 0 0 0 0
4 0 6 0 0 11 0 10 7 0 0 0 13 0 0 0 0 0 0 5
2 6 0 9 0 0 0 18 0 0 1 4 5 0 0 0 0 0 0 0
0 0 12 0 0 6 0 0 0 5 0 0 0 20 0 8 9 0 0 16
1 0 0 16 0 0 0 0 8 9 0 0 2 0 0 19 0 0 0 0
18 0 0 0 0 0 0 0 0 0 12 0 0 0 10 0 0 3 0 0
0 0 0 4 0 0 0 0 5 0 0 0 0 0 9 0 0 8 7 0
15 0 0 0 1 0 9 16 6 2 0 5 0 0 0 0 0 0 0 0
0 9 5 11 0 0 10 0 18 7 2 0 1 0 8 0 4 6 0 12
8 0 0 19 7 0 0 1 0 0 0 0 0 13 17 0 5 0 0 0
0 0 1 17 16 0 7 11 0 8 0 2 12 19 0 0 18 0 0 0
7 0 0 0 0 0 0 0 0 0 0 0 3 0 0 5 8 11 10 0
0 3 20 0 15 0 19 0 0 0 11 0 0 9 0 2 0 7 0 0
0 11 0 0 0 2 20 0 0 0 0 0 0 15 0 0 0 0 0 13
0 20 0 0 0 0 0 15 0 0 0 0 0 0 0 0 10 2 0 8
0 0 0 2 11 0 0 20 0 0 0 3 0 0 0 7 0 0 5 0
0 19 16 0 9 17 4 0 0 0 0 0 0 0 0 0 11 13 12 20
0 0 0 8 0 0 0 0 11 0 0 0 17 0 0 0 0 0 9 1
