10 15 3 0 7 0 0 0 17 18 0 0 4 5 0 8 0 11 0 0
0 5 8 0 0 3 4 6 7 0 0 0 12 13 0 15 0 0 0 0
0 0 13 14 6 15 0 19 0 10 0 0 9 0 0 0 3 4 0 0
0 0 19 0 0 0 0 1 2 0 0 11 0 0 6 0 10 0 0 0
12 0 16 0 0 0 20 3 15 0 0 0 0 0 0 0 0 0 11 0
0 6 9 8 4 0 0 11 0 17 0 0 0 20 1 0 0 0 12 0
0 1 0 0 0 0 0 4 0 0 0 0 5 0 0 0 17 14 16 0
0 0 0 11 0 1 0 0 13 14 0 0 0 0 0 0 0 20 0 0
0 0 0 0 0 0 14 0 11 7 0 0 0 0 3 0 0 5 0 0
0 0 0 0 0 0 0 8 0 16 5 0 0 6 2 13 12 0 0 0
0 0 0 5 0 9 6 0 0 0 10 0 0 0 0 4 1 18 0 2
0 9 0 0 0 0 0 2 0 0 0 17 0 0 0 0 0 0 0 0
0 0 0 0 0 0 0 0 0 0 0 5 0 0 4 0 20 0 10 11
0 20 0 0 8 0 0 7 0 0 0 0 0 0 0 3 13 0 0 0
0 0 0 0 3 0 0 0 0 20 0 0 0 14 10 0 6 0 0 9
0 0 15 0 11 6 0 0 0 0 20 13 2 0 0 14 0 0 0 0
0 0 0 0 5 0 0 16 0 12 0 0 0 2 0 0 0 19 0 0
0 0 17 0 12 13 0 0 0 0 0 0 11 0 0 18 7 16 0 0
20 8 4 0 16 0 0 5 0 0 9 12 17 0 0 6 14 0 2 1
0 0 1 0 0 10 0 0 0 0 16 0 0 7 0 11 0 0 0 12
