0 0 14 15 0 18 8 0 7 0 0 0 0 0 6 20 10 0 0 0
17 0 0 0 0 3 0 10 0 0 0 1 0 0 0 0 0 0 0 16
0 0 0 0 3 0 0 0 0 0 0 9 0 0 17 15 0 7 8 0
5 0 0 10 0 0 0 13 0 0 0 19 0 0 0 1 0 0 0 0
14 0 0 0 0 0 1 0 0 8 7 18 0 0 0 0 0 0 6 0
0 0 17 2 0 0 0 0 0 10 9 0 0 0 0 14 0 0 0 0
0 0 0 0 0 0 0 0 0 11 0 0 17 19 0 0 0 0 0 0
16 0 20 0 0 5 0 0 0 0 13 0 8 2 0 0 0 10 0 0
0 0 11 18 0 9 10 5 6 0 0 0 0 0 0 0 0 15 0 0
9 0 0 1 0 0 0 0 8 3 0 0 0 0 0 11 0 4 0 0
6 0 0 0 0 13 7 0 0 16 0 15 11 0 0 8 9 0 0 0
0 0 7 0 5 4 15 0 20 18 2 0 0 0 10 13 0 6 17 0
20 0 5 0 11 0 16 3 9 0 0 0 0 15 0 0 8 0 0 1
0 3 1 0 0 14 0 0 5 0 20 0 19 6 2 18 15 0 0 0
0 9 16 0 0 8 0 20 11 0 0 0 0 14 0 0 0 17 0 13
2 6 0 12 17 0 0 0 0 0 0 0 0 0 0 7 0 0 0 0
0 0 0 7 0 0 0 0 0 5 10 0 20 11 0 0 0 8 0 0
0 0 9 0 0 15 11 0 0 4 8 0 2 0 0 0 13 0 0 0
0 10 6 0 14 0 0 0 2 0 1 4 9 0 0 0 0 0 0 5
0 4 0 0 1 0 0 0 10 0 0 0 15 18 0 0 16 0 0 0
