0 0 0 20 2 0 0 0 0 4 0 0 8 5 12 14 7 0 15 0
4 0 8 0 0 0 1 0 0 0 12 18 0 0 0 0 0 0 16 9
0 0 13 0 3 0 8 0 0 0 0 0 10 0 0 0 0 1 20 4
12 0 0 0 0 0 0 0 0 11 0 0 0 0 0 0 0 0 0 14
0 0 0 10 0 20 0 19 0 0 0 15 0 9 0 0 5 0 8 0
0 0 10 0 17 0 2 3 0 0 0 0 15 6 7 0 0 14 0 0
8 0 19 1 0 0 15 0 0 14 0 0 0 18 16 0 0 17 0 0
15 9 0 2 7 0 0 0 0 0 0 0 0 0 0 0 0 0 4 0
11 0 0 0 0 1 0 0 0 0 0 3 2 12 8 0 15 0 0 0
0 3 17 0 8 12 20 0 15 0 19 0 0 0 0 11 9 18 7 0
0 0 0 0 0 2 0 4 0 0 0 0 0 0 14 0 13 0 17 0
19 17 0 0 0 0 0 8 0 3 0 0 0 15 0 12 0 16 0 0
16 0 0 11 10 0 14 0 0 0 1 0 0 0 0 4 8 19 0 18
1 12 14 13 0 16 0 0 0 5 0 0 0 0 0 0 4 7 0 15
6 4 0 0 12 19 0 0 0 0 0 0 0 8 0 1 0 0 0 0
0 0 0 0 0 3 0 0 14 0 13 17 0 0 0 0 0 0 12 10
17 0 0 0 0 0 0 0 11 0 0 0 0 0 18 15 0 0 14 5
0 0 7 0 13 0 0 0 20 0 16 6 0 0 0 0 17 0 18 0
0 0 0 16 0 11 0 0 0 19 0 5 0 2 0 0 0 0 0 0
20 13 0 0 0 15 0 0 0 0 0 0 0 0 0 0 0 0 0 3
