0 10 0 12 19 0 0 0 0 0 0 0 7 0 0 0 0 0 3 4
0 0 0 15 0 0 0 0 3 0 0 0 0 0 5 19 0 16 0 0
0 0 0 0 0 0 4 7 0 14 15 0 0 9 0 0 0 0 0 1
4 0 0 0 0 0 0 1 0 0 0 17 10 0 0 0 0 0 11 18
9 0 0 0 3 0 0 10 0 0 0 20 0 0 12 0 5 0 0 2
0 0 0 0 1 12 0 0 0 15 0 0 14 18 0 0 2 0 0 0
0 12 0 0 0 0 0 0 0 0 0 0 0 0 0 0 0 0 0 15
0 0 0 0 0 0 8 0 16 0 0 13 0 3 0 0 11 20 0 14
2 0 5 7 0 0 0 15 0 0 0 9 11 12 0 0 18 0 0 0
8 13 0 0 0 11 16 18 0 0 0 0 2 0 15 0 1 0 0 0
10 0 0 0 18 0 0 20 0 8 7 0 16 0 0 0 0 13 0 0
0 18 3 0 0 0 0 0 0 0 0 16 0 0 0 0 20 2 0 0
0 0 0 0 0 0 15 8 2 3 14 0 0 13 0 0 0 0 0 16
0 20 0 0 0 0 0 2 5 0 0 1 3 0 0 0 14 0 19 0
13 8 0 0 0 0 0 16 0 0 0 19 15 11 0 14 0 0 18 0
0 0 0 0 7 17 3 5 19 0 6 2 0 16 0 0 10 0 0 13
0 0 0 2 14 0 0 12 9 0 0 0 0 19 3 0 0 4 20 5
0 0 11 0 0 10 2 0 0 0 0 0 17 15 13 0 0 0 14 0
0 0 0 0 15 8 1 0 0 5 0 0 9 0 0 2 0 11 0 3
7 0 0 0 0 0 0 0 15 0 0 4 0 0 8 10 16 0 2 0
