0 0 0 0 0 0 0 0 11 0 0 0 0 10 0 16 13 0 7 8
0 13 0 0 17 0 0 6 0 9 19 20 11 12 0 0 0 3 0 0
2 3 0 0 0 0 14 9 0 7 0 5 0 0 4 0 0 0 0 16
0 9 11 0 0 16 19 0 10 0 0 0 5 0 0 7 0 14 15 0
0 6 0 0 0 0 0 0 0 0 0 0 0 14 0 0 1 0 0 0
19 0 0 0 0 0 0 0 0 0 0 3 0 0 0 0 8 13 0 0
0 15 0 0 16 0 0 8 5 0 0 7 17 1 0 12 0 0 0 14
0 16 0 0 10 0 0 18 19 0 6 0 0 4 0 0 0 0 1 0
0 0 8 17 15 0 0 0 0 0 0 0 0 3 0 0 0 7 0 0
0 0 18 2 0 20 0 0 0 0 14 0 8 0 10 0 0 4 0 0
0 14 0 0 0 0 16 0 7 0 0 0 0 0 13 10 0 0 2 0
10 0 0 0 0 0 15 0 3 8 11 0 0 18 0 0 0 16 0 19
0 19 0 0 0 0 0 0 0 0 0 13 0 0 0 17 0 10 20 4
0 0 0 9 0 18 10 13 0 0 0 0 0 0 5 1 0 8 0 7
0 0 0 0 0 0 0 0 0 4 0 9 0 11 0 0 0 0 17 0
6 0 15 0 0 0 9 0 0 0 0 17 0 0 0 0 16 0 14 13
9 7 0 0 12 13 0 10 0 6 0 0 0 19 0 0 4 18 0 0
12 0 2 0 0 1 0 0 0 3 0 0 14 0 15 4 20 0 0 10
0 5 17 0 0 2 4 0 0 10 0 16 0 9 0 0 0 0 0 0
0 0 20 0 0 0 17 11 0 13 0 0 0 0 0 6 0 0 0 0
