0 8 0 0 0 0 0 0 9 0 0 0 16 17 0 0 0 5 0 6
0 6 0 0 0 12 15 0 0 18 0 5 19 0 0 0 13 0 0 9
0 16 18 0 9 0 0 10 11 2 0 0 4 0 7 14 0 12 1 0
13 0 0 17 19 7 0 0 0 0 0 0 0 0 0 15 0 0 2 0
0 0 15 0 12 19 0 0 0 0 10 8 0 16 0 2 3 0 0 4
0 0 0 0 0 10 0 0 0 0 12 0 0 3 0 6 0 0 0 7
0 0 0 0 0 0 0 0 0 0 0 0 2 7 0 0 0 18 0 12
1 0 0 0 0 0 0 0 0 0 0 4 11 18 0 0 0 20 0 0
0 0 0 6 0 0 0 5 0 1 0 0 14 0 11 0 17 4 0 0
0 0 0 9 0 17 0 0 7 0 0 0 8 0 0 0 14 6 19 15
0 18 0 11 0 0 20 8 0 4 0 0 5 0 0 0 0 2 0 0
0 0 4 0 3 0 12 0 0 0 0 0 0 9 10 0 0 0 0 0
0 0 7 0 0 0 0 0 0 0 0 0 0 8 0 11 12 1 4 2
0 13 17 0 0 0 0 20 0 0 14 0 7 0 9 16 0 0 0 0
0 19 20 0 0 0 10 0 13 0 11 0 0 5 2 0 18 0 0 8
4 0 5 0 0 11 0 0 2 7 0 0 0 0 0 0 0 0 20 19
0 0 0 0 0 0 0 7 0 0 0 14 20 0 15 0 0 0 0 3
3 0 0 0 5 20 0 2 0 0 0 0 9 0 0 0 0 0 7 0
20 0 0 13 0 0 0 0 0 0 0 0 0 0 0 19 4 14 0 11
0 0 0 7 0 0 0 0 3 8 0 0 12 13 6 20 9 0 0 0
