0 0 20 8 18 0 0 10 0 0 0 0 0 0 0 0 0 13 0 4
0 0 2 0 13 20 0 0 0 0 1 5 7 8 0 14 0 17 9 0
0 0 0 5 0 0 0 0 19 8 0 0 0 0 0 16 0 2 0 0
0 0 7 0 0 0 17 6 15 0 0 0 0 4 0 0 0 5 0 0
9 1 0 0 0 0 0 0 0 0 0 13 0 0 0 0 6 15 14 0
0 16 0 0 0 0 0 0 0 0 0 0 0 0 8 0 0 0 0 15
0 0 0 0 20 0 6 0 0 7 0 0 16 0 2 0 0 0 17 11
3 0 8 1 16 14 0 0 11 0 13 0 0 6 4 0 0 0 0 0
0 20 6 0 0 0 2 0 14 0 0 0 0 1 10 0 18 4 0 0
0 0 15 13 19 17 0 0 0 6 0 0 0 0 0 0 0 16 0 0
0 0 18 0 0 12 14 17 0 0 0 0 0 0 0 0 0 0 0 0
0 15 17 20 0 0 11 3 0 0 14 0 10 16 0 0 0 0 0 0
0 12 16 7 5 0 0 20 0 1 0 3 0 0 0 0 0 6 10 0
0 3 5 0 0 0 0 0 6 0 0 0 0 0 0 0 15 0 19 18
6 0 0 14 4 0 0 19 13 0 0 0 0 0 0 0 1 11 0 0
0 17 12 0 0 0 0 0 0 13 8 0 2 19 0 3 4 20 0 16
18 0 19 0 0 0 0 0 0 0 7 17 0 0 11 0 0 1 0 2
0 0 1 2 17 3 0 0 16 0 6 19 0 13 0 10 0 0 0 12
0 0 0 3 0 0 0 4 0 0 0 0 0 0 0 0 0 0 5 7
0 0 0 0 0 0 19 0 0 11 0 0 12 0 18 0 0 0 0 6
