0 0 18 19 20 8 0 0 13 10 0 0 0 1 0 11 0 15 0 0
0 0 0 0 5 1 14 2 0 0 0 0 6 0 20 7 0 0 0 0
3 0 0 0 0 16 0 11 0 0 13 0 0 0 12 0 0 20 0 0
2 0 1 0 13 0 0 5 0 0 11 0 0 15 0 0 10 0 12 0
0 15 0 6 0 0 0 0 0 0 0 20 0 0 0 0 3 0 0 0
18 0 3 0 0 0 0 20 0 0 0 0 0 0 4 0 13 0 0 0
0 20 0 2 0 12 0 0 0 0 0 6 0 0 19 0 17 0 14 0
0 0 0 0 11 0 0 0 0 0 0 0 0 13 15 0 0 4 0 9
0 0 2 0 0 0 0 0 20 0 0 19 11 0 0 0 0 18 6 0
0 0 5 4 0 18 0 0 7 0 0 0 20 3 0 0 0 0 0 0
17 0 0 0 0 0 10 0 0 0 12 0 0 0 6 3 0 0 13 5
15 14 6 0 0 0 1 4 0 0 0 0 0 0 0 8 0 0 19 0
6 0 16 0 0 0 0 0 0 0 0 0 12 0 10 13 5 0 0 0
0 0 0 0 19 6 0 0 0 0 17 0 5 20 0 15 2 0 10 0
0 0 0 0 0 0 0 0 0 0 8 0 13 9 3 14 6 16 0 0
5 0 13 0 0 0 0 0 0 16 0 11 15 0 0 0 0 0 0 20
20 0 0 11 14 13 0 0 0 4 0 0 0 0 9 18 1 0 0 0
0 13 0 0 6 15 0 0 0 3 0 0 0 16 11 19 4 9 5 0
0 0 0 1 16 10 11 0 0 17 0 3 0 0 0 20 0 0 0 0
0 0 9 0 0 20 0 0 5 0 4 0 19 0 0 16 11 0 0 0
