7 0 0 15 0 0 0 20 0 0 0 17 0 6 1 0 0 0 13 0
0 0 0 0 0 6 13 14 0 18 0 0 0 0 17 0 0 16 10 0
0 0 18 20 0 10 0 4 0 0 0 12 0 0 0 7 2 0 0 0
0 0 17 0 1 0 5 9 6 0 0 0 0 3 18 10 0 0 15 0
9 0 0 0 0 3 15 0 0 5 0 0 0 0 0 16 0 17 0 4
0 0 0 0 5 20 0 0 13 0 0 0 10 16 0 0 3 0 0 6
0 0 0 6 0 0 0 0 0 0 0 18 0 0 0 0 0 0 0 0
0 0 0 0 0 0 0 0 0 19 0 14 1 17 0 13 0 0 0 10
4 12 0 0 0 0 0 17 0 0 7 0 9 0 0 0 14 8 0 0
0 0 2 0 7 0 6 0 4 0 0 8 0 0 0 14 0 0 0 20
20 15 0 18 0 0 0 7 14 8 19 0 0 0 0 0 0 3 0 12
17 9 0 0 0 0 11 16 0 0 1 0 0 0 20 0 0 0 8 0
0 0 6 0 18 12 20 19 0 0 0 7 0 0 10 0 15 0 1 17
0 19 0 0 0 0 0 0 17 9 0 0 0 2 0 0 20 0 0 0
0 4 8 0 0 0 0 0 0 20 0 0 0 1 0 17 5 0 0 0
0 0 0 0 0 11 0 0 0 0 0 0 0 0 0 0 0 0 5 0
19 0 0 16 0 18 0 5 0 14 0 0 0 0 0 4 0 0 0 0
0 0 12 1 0 4 0 2 0 10 0 0 7 11 5 18 6 13 17 9
2 0 0 0 0 1 3 15 0 0 0 0 0 0 0 8 0 0 0 0
0 0 0 11 20 0 7 6 0 17 0 0 0 0 0 1 0 0 0 16
